id,run,step,nb_data
54,0,0,1
54,0,1,8
54,0,2,25
54,0,3,39
54,0,4,57
54,0,5,78
54,0,6,95
54,0,7,99
54,0,8,99
54,0,9,99
54,0,10,99
54,0,11,99
54,0,12,99
54,0,13,99
54,0,14,99
54,0,15,99
54,0,16,99
54,0,17,99
54,0,18,99
54,0,19,99
54,0,20,99
54,0,21,99
54,0,22,99
54,0,23,99
54,0,24,99
54,0,25,99
54,0,26,99
54,0,27,99
54,0,28,99
54,0,29,99
54,0,30,99
54,0,31,99
54,0,32,99
54,0,33,99
54,0,34,99
54,0,35,99
54,0,36,99
54,0,37,99
54,0,38,99
54,0,39,99
54,0,40,99
54,0,41,99
54,0,42,99
54,0,43,99
54,0,44,99
54,0,45,99
54,0,46,99
54,0,47,99
54,0,48,99
54,0,49,99
54,0,50,99
54,0,51,99
54,0,52,99
54,0,53,99
54,0,54,99
54,0,55,99
54,0,56,99
54,0,57,99
54,0,58,99
54,0,59,99
54,0,60,99
54,0,61,99
54,0,62,99
54,0,63,99
54,0,64,99
54,0,65,99
54,0,66,99
54,0,67,99
54,0,68,99
54,0,69,99
54,0,70,99
54,0,71,99
54,0,72,99
54,0,73,99
54,0,74,99
54,0,75,99
54,0,76,99
54,0,77,99
54,0,78,99
54,0,79,99
54,0,80,99
54,0,81,99
54,0,82,99
54,0,83,99
54,0,84,99
54,0,85,99
54,0,86,99
54,0,87,99
54,0,88,99
54,0,89,99
54,0,90,99
54,0,91,99
54,0,92,99
54,0,93,99
54,0,94,99
54,0,95,99
54,0,96,99
54,0,97,99
54,0,98,99
54,0,99,99
54,0,100,99
54,0,101,99
54,0,102,99
54,0,103,99
54,0,104,99
54,0,105,99
54,0,106,99
54,0,107,99
54,0,108,99
54,0,109,99
54,0,110,99
54,0,111,99
54,0,112,99
54,0,113,99
54,0,114,99
54,0,115,99
54,0,116,99
54,0,117,99
54,0,118,99
54,0,119,99
54,0,120,99
54,0,121,99
54,0,122,99
54,0,123,99
54,0,124,99
54,0,125,99
54,0,126,99
54,0,127,99
54,0,128,99
54,0,129,99
54,0,130,99
54,0,131,99
54,0,132,99
54,0,133,99
54,0,134,99
54,0,135,99
54,0,136,99
54,0,137,99
54,0,138,99
54,0,139,99
54,0,140,99
54,0,141,99
54,0,142,99
54,0,143,99
54,0,144,99
54,0,145,99
54,0,146,99
54,0,147,99
54,0,148,99
54,0,149,99
54,0,150,99
54,0,151,99
54,0,152,99
54,0,153,99
54,0,154,99
54,0,155,99
54,0,156,99
54,0,157,99
54,0,158,99
54,0,159,99
54,0,160,99
54,0,161,99
54,0,162,99
54,0,163,99
54,0,164,99
54,0,165,99
54,0,166,99
54,0,167,99
54,0,168,99
54,0,169,99
54,0,170,99
54,0,171,99
54,0,172,99
54,0,173,99
54,0,174,99
54,0,175,99
54,0,176,99
54,0,177,99
54,0,178,99
54,0,179,99
54,0,180,99
54,0,181,99
54,0,182,99
54,0,183,99
54,0,184,99
54,0,185,99
54,0,186,99
54,0,187,99
54,0,188,99
54,0,189,99
54,0,190,99
54,0,191,99
54,0,192,99
54,0,193,99
54,0,194,99
54,0,195,99
54,0,196,99
54,0,197,99
54,0,198,99
54,0,199,99
54,0,200,99
54,0,201,99
54,0,202,99
54,0,203,99
54,0,204,99
54,0,205,99
54,0,206,99
54,0,207,99
54,0,208,99
54,0,209,99
54,0,210,99
54,0,211,99
54,0,212,99
54,0,213,99
54,0,214,99
54,0,215,99
54,0,216,99
54,0,217,99
54,0,218,99
54,0,219,99
54,0,220,99
54,0,221,99
54,0,222,99
54,0,223,99
54,0,224,99
54,0,225,99
54,0,226,99
54,0,227,99
54,0,228,99
54,0,229,99
54,0,230,99
54,0,231,99
54,0,232,99
54,0,233,99
54,0,234,99
54,0,235,99
54,0,236,99
54,0,237,99
54,0,238,99
54,0,239,99
54,0,240,99
54,0,241,99
54,0,242,99
54,0,243,99
54,0,244,99
54,0,245,99
54,0,246,99
54,0,247,99
54,0,248,99
54,0,249,99
54,0,250,99
54,0,251,99
54,0,252,99
54,0,253,99
54,0,254,99
54,0,255,99
54,0,256,99
54,0,257,99
54,0,258,99
54,0,259,99
54,0,260,99
54,0,261,99
54,0,262,99
54,0,263,99
54,0,264,99
54,0,265,99
54,0,266,99
54,0,267,99
54,0,268,99
54,0,269,99
54,0,270,99
54,0,271,99
54,0,272,99
54,0,273,99
54,0,274,99
54,0,275,99
54,0,276,99
54,0,277,99
54,0,278,99
54,0,279,99
54,0,280,99
54,0,281,99
54,0,282,99
54,0,283,99
54,0,284,99
54,0,285,99
54,0,286,99
54,0,287,99
54,0,288,99
54,0,289,99
54,0,290,99
54,0,291,99
54,0,292,99
54,0,293,99
54,0,294,99
54,0,295,99
54,0,296,99
54,0,297,99
54,0,298,99
54,0,299,99
54,0,300,99
54,0,301,99
54,0,302,99
54,0,303,99
54,0,304,99
54,0,305,99
54,0,306,99
54,0,307,99
54,0,308,99
54,0,309,99
54,0,310,99
54,0,311,99
54,0,312,99
54,0,313,99
54,0,314,99
54,0,315,99
54,0,316,99
54,0,317,99
54,0,318,99
54,0,319,99
54,0,320,99
54,0,321,99
54,0,322,99
54,0,323,99
54,0,324,99
54,0,325,99
54,0,326,99
54,0,327,99
54,0,328,99
54,0,329,99
54,0,330,99
54,0,331,99
54,0,332,99
54,0,333,99
54,0,334,99
54,0,335,99
54,0,336,99
54,0,337,99
54,0,338,99
54,0,339,99
54,0,340,99
54,0,341,99
54,0,342,99
54,0,343,99
54,0,344,99
54,0,345,99
54,0,346,99
54,0,347,99
54,0,348,99
54,0,349,99
54,0,350,99
54,0,351,99
54,0,352,99
54,0,353,99
54,0,354,99
54,0,355,99
54,0,356,99
54,0,357,99
54,0,358,99
54,0,359,99
54,0,360,99
54,0,361,99
54,0,362,99
54,0,363,99
54,0,364,99
54,0,365,99
54,0,366,99
54,0,367,99
54,0,368,99
54,0,369,99
54,0,370,99
54,0,371,99
54,0,372,99
54,0,373,99
54,0,374,99
54,0,375,99
54,0,376,99
54,0,377,99
54,0,378,99
54,0,379,99
54,0,380,99
54,0,381,99
54,0,382,99
54,0,383,99
54,0,384,99
54,0,385,99
54,0,386,99
54,0,387,99
54,0,388,99
54,0,389,99
54,0,390,99
54,0,391,99
54,0,392,99
54,0,393,99
54,0,394,99
54,0,395,99
54,0,396,99
54,0,397,99
54,0,398,99
54,0,399,99
54,0,400,99
54,0,401,99
54,0,402,99
54,0,403,99
54,0,404,99
54,0,405,99
54,0,406,99
54,0,407,99
54,0,408,99
54,0,409,99
54,0,410,99
54,0,411,99
54,0,412,99
54,0,413,99
54,0,414,99
54,0,415,99
54,0,416,99
54,0,417,99
54,0,418,99
54,0,419,99
54,0,420,99
54,0,421,99
54,0,422,99
54,0,423,99
54,0,424,99
54,0,425,99
54,0,426,99
54,0,427,99
54,0,428,99
54,0,429,99
54,0,430,99
54,0,431,99
54,0,432,99
54,0,433,99
54,0,434,99
54,0,435,99
54,0,436,99
54,0,437,99
54,0,438,99
54,0,439,99
54,0,440,99
54,0,441,99
54,0,442,99
54,0,443,99
54,0,444,99
54,0,445,99
54,0,446,99
54,0,447,99
54,0,448,99
54,0,449,99
54,0,450,99
54,0,451,99
54,0,452,99
54,0,453,99
54,0,454,99
54,0,455,99
54,0,456,99
54,0,457,99
54,0,458,99
54,0,459,99
54,0,460,99
54,0,461,99
54,0,462,99
54,0,463,99
54,0,464,99
54,0,465,99
54,0,466,99
54,0,467,99
54,0,468,99
54,0,469,99
54,0,470,99
54,0,471,99
54,0,472,99
54,0,473,99
54,0,474,99
54,0,475,99
54,0,476,99
54,0,477,99
54,0,478,99
54,0,479,99
54,0,480,99
54,0,481,99
54,0,482,99
54,0,483,99
54,0,484,99
54,0,485,99
54,0,486,99
54,0,487,99
54,0,488,99
54,0,489,99
54,0,490,99
54,0,491,99
54,0,492,99
54,0,493,99
54,0,494,99
54,0,495,99
54,0,496,99
54,0,497,99
54,0,498,99
54,0,499,99
54,1,0,1
54,1,1,10
54,1,2,26
54,1,3,35
54,1,4,63
54,1,5,88
54,1,6,96
54,1,7,98
54,1,8,98
54,1,9,98
54,1,10,98
54,1,11,98
54,1,12,98
54,1,13,98
54,1,14,98
54,1,15,98
54,1,16,98
54,1,17,98
54,1,18,98
54,1,19,98
54,1,20,98
54,1,21,98
54,1,22,98
54,1,23,98
54,1,24,98
54,1,25,98
54,1,26,98
54,1,27,98
54,1,28,98
54,1,29,98
54,1,30,98
54,1,31,98
54,1,32,98
54,1,33,98
54,1,34,98
54,1,35,98
54,1,36,98
54,1,37,98
54,1,38,98
54,1,39,98
54,1,40,98
54,1,41,98
54,1,42,98
54,1,43,98
54,1,44,98
54,1,45,98
54,1,46,98
54,1,47,98
54,1,48,98
54,1,49,98
54,1,50,98
54,1,51,98
54,1,52,98
54,1,53,98
54,1,54,98
54,1,55,98
54,1,56,98
54,1,57,98
54,1,58,98
54,1,59,98
54,1,60,98
54,1,61,98
54,1,62,98
54,1,63,98
54,1,64,98
54,1,65,98
54,1,66,98
54,1,67,98
54,1,68,98
54,1,69,98
54,1,70,98
54,1,71,98
54,1,72,98
54,1,73,98
54,1,74,98
54,1,75,98
54,1,76,98
54,1,77,98
54,1,78,98
54,1,79,98
54,1,80,98
54,1,81,98
54,1,82,98
54,1,83,98
54,1,84,98
54,1,85,98
54,1,86,98
54,1,87,98
54,1,88,98
54,1,89,98
54,1,90,98
54,1,91,98
54,1,92,98
54,1,93,98
54,1,94,98
54,1,95,98
54,1,96,98
54,1,97,98
54,1,98,98
54,1,99,98
54,1,100,98
54,1,101,98
54,1,102,98
54,1,103,98
54,1,104,98
54,1,105,98
54,1,106,98
54,1,107,98
54,1,108,98
54,1,109,98
54,1,110,98
54,1,111,98
54,1,112,98
54,1,113,98
54,1,114,98
54,1,115,98
54,1,116,98
54,1,117,98
54,1,118,98
54,1,119,98
54,1,120,98
54,1,121,98
54,1,122,98
54,1,123,98
54,1,124,98
54,1,125,98
54,1,126,98
54,1,127,98
54,1,128,98
54,1,129,98
54,1,130,98
54,1,131,98
54,1,132,98
54,1,133,98
54,1,134,98
54,1,135,98
54,1,136,98
54,1,137,98
54,1,138,98
54,1,139,98
54,1,140,98
54,1,141,98
54,1,142,98
54,1,143,98
54,1,144,98
54,1,145,98
54,1,146,98
54,1,147,98
54,1,148,98
54,1,149,98
54,1,150,98
54,1,151,98
54,1,152,98
54,1,153,98
54,1,154,98
54,1,155,98
54,1,156,98
54,1,157,98
54,1,158,98
54,1,159,98
54,1,160,98
54,1,161,98
54,1,162,98
54,1,163,98
54,1,164,98
54,1,165,98
54,1,166,98
54,1,167,98
54,1,168,98
54,1,169,98
54,1,170,98
54,1,171,98
54,1,172,98
54,1,173,98
54,1,174,98
54,1,175,98
54,1,176,98
54,1,177,98
54,1,178,98
54,1,179,98
54,1,180,98
54,1,181,98
54,1,182,98
54,1,183,98
54,1,184,98
54,1,185,98
54,1,186,98
54,1,187,98
54,1,188,98
54,1,189,98
54,1,190,98
54,1,191,98
54,1,192,98
54,1,193,98
54,1,194,98
54,1,195,98
54,1,196,98
54,1,197,98
54,1,198,98
54,1,199,98
54,1,200,98
54,1,201,98
54,1,202,98
54,1,203,98
54,1,204,98
54,1,205,98
54,1,206,98
54,1,207,98
54,1,208,98
54,1,209,98
54,1,210,98
54,1,211,98
54,1,212,98
54,1,213,98
54,1,214,98
54,1,215,98
54,1,216,98
54,1,217,98
54,1,218,98
54,1,219,98
54,1,220,98
54,1,221,98
54,1,222,98
54,1,223,98
54,1,224,98
54,1,225,98
54,1,226,98
54,1,227,98
54,1,228,98
54,1,229,98
54,1,230,98
54,1,231,98
54,1,232,98
54,1,233,98
54,1,234,98
54,1,235,98
54,1,236,98
54,1,237,98
54,1,238,98
54,1,239,98
54,1,240,98
54,1,241,98
54,1,242,98
54,1,243,98
54,1,244,98
54,1,245,98
54,1,246,98
54,1,247,98
54,1,248,98
54,1,249,98
54,1,250,98
54,1,251,98
54,1,252,98
54,1,253,98
54,1,254,98
54,1,255,98
54,1,256,98
54,1,257,98
54,1,258,98
54,1,259,98
54,1,260,98
54,1,261,98
54,1,262,98
54,1,263,98
54,1,264,98
54,1,265,98
54,1,266,98
54,1,267,98
54,1,268,98
54,1,269,98
54,1,270,98
54,1,271,98
54,1,272,98
54,1,273,98
54,1,274,98
54,1,275,98
54,1,276,98
54,1,277,98
54,1,278,98
54,1,279,98
54,1,280,98
54,1,281,98
54,1,282,98
54,1,283,98
54,1,284,98
54,1,285,98
54,1,286,98
54,1,287,98
54,1,288,98
54,1,289,98
54,1,290,98
54,1,291,98
54,1,292,98
54,1,293,98
54,1,294,98
54,1,295,98
54,1,296,98
54,1,297,98
54,1,298,98
54,1,299,98
54,1,300,98
54,1,301,98
54,1,302,98
54,1,303,98
54,1,304,98
54,1,305,98
54,1,306,98
54,1,307,98
54,1,308,98
54,1,309,98
54,1,310,98
54,1,311,98
54,1,312,98
54,1,313,98
54,1,314,98
54,1,315,98
54,1,316,98
54,1,317,98
54,1,318,98
54,1,319,98
54,1,320,98
54,1,321,98
54,1,322,98
54,1,323,98
54,1,324,98
54,1,325,98
54,1,326,98
54,1,327,98
54,1,328,98
54,1,329,98
54,1,330,98
54,1,331,98
54,1,332,98
54,1,333,98
54,1,334,98
54,1,335,98
54,1,336,98
54,1,337,98
54,1,338,98
54,1,339,98
54,1,340,98
54,1,341,98
54,1,342,98
54,1,343,98
54,1,344,98
54,1,345,98
54,1,346,98
54,1,347,98
54,1,348,98
54,1,349,98
54,1,350,98
54,1,351,98
54,1,352,98
54,1,353,98
54,1,354,98
54,1,355,98
54,1,356,98
54,1,357,98
54,1,358,98
54,1,359,98
54,1,360,98
54,1,361,98
54,1,362,98
54,1,363,98
54,1,364,98
54,1,365,98
54,1,366,98
54,1,367,98
54,1,368,98
54,1,369,98
54,1,370,98
54,1,371,98
54,1,372,98
54,1,373,98
54,1,374,98
54,1,375,98
54,1,376,98
54,1,377,98
54,1,378,98
54,1,379,98
54,1,380,98
54,1,381,98
54,1,382,98
54,1,383,98
54,1,384,98
54,1,385,98
54,1,386,98
54,1,387,98
54,1,388,98
54,1,389,98
54,1,390,98
54,1,391,98
54,1,392,98
54,1,393,98
54,1,394,98
54,1,395,98
54,1,396,98
54,1,397,98
54,1,398,98
54,1,399,98
54,1,400,98
54,1,401,98
54,1,402,98
54,1,403,98
54,1,404,98
54,1,405,98
54,1,406,98
54,1,407,98
54,1,408,98
54,1,409,98
54,1,410,98
54,1,411,98
54,1,412,98
54,1,413,98
54,1,414,98
54,1,415,98
54,1,416,98
54,1,417,98
54,1,418,98
54,1,419,98
54,1,420,98
54,1,421,98
54,1,422,98
54,1,423,98
54,1,424,98
54,1,425,98
54,1,426,98
54,1,427,98
54,1,428,98
54,1,429,98
54,1,430,98
54,1,431,98
54,1,432,98
54,1,433,98
54,1,434,98
54,1,435,98
54,1,436,98
54,1,437,98
54,1,438,98
54,1,439,98
54,1,440,98
54,1,441,98
54,1,442,98
54,1,443,98
54,1,444,98
54,1,445,98
54,1,446,98
54,1,447,98
54,1,448,98
54,1,449,98
54,1,450,98
54,1,451,98
54,1,452,98
54,1,453,98
54,1,454,98
54,1,455,98
54,1,456,98
54,1,457,98
54,1,458,98
54,1,459,98
54,1,460,98
54,1,461,98
54,1,462,98
54,1,463,98
54,1,464,98
54,1,465,98
54,1,466,98
54,1,467,98
54,1,468,98
54,1,469,98
54,1,470,98
54,1,471,98
54,1,472,98
54,1,473,98
54,1,474,98
54,1,475,98
54,1,476,98
54,1,477,98
54,1,478,98
54,1,479,98
54,1,480,98
54,1,481,98
54,1,482,98
54,1,483,98
54,1,484,98
54,1,485,98
54,1,486,98
54,1,487,98
54,1,488,98
54,1,489,98
54,1,490,98
54,1,491,98
54,1,492,98
54,1,493,98
54,1,494,98
54,1,495,98
54,1,496,98
54,1,497,98
54,1,498,98
54,1,499,98
54,2,0,1
54,2,1,17
54,2,2,34
54,2,3,48
54,2,4,69
54,2,5,95
54,2,6,98
54,2,7,99
54,2,8,99
54,2,9,99
54,2,10,99
54,2,11,99
54,2,12,99
54,2,13,99
54,2,14,99
54,2,15,99
54,2,16,99
54,2,17,99
54,2,18,99
54,2,19,99
54,2,20,99
54,2,21,99
54,2,22,99
54,2,23,99
54,2,24,99
54,2,25,99
54,2,26,99
54,2,27,99
54,2,28,99
54,2,29,99
54,2,30,99
54,2,31,99
54,2,32,99
54,2,33,99
54,2,34,99
54,2,35,99
54,2,36,99
54,2,37,99
54,2,38,99
54,2,39,99
54,2,40,99
54,2,41,99
54,2,42,99
54,2,43,99
54,2,44,99
54,2,45,99
54,2,46,99
54,2,47,99
54,2,48,99
54,2,49,99
54,2,50,99
54,2,51,99
54,2,52,99
54,2,53,99
54,2,54,99
54,2,55,99
54,2,56,99
54,2,57,99
54,2,58,99
54,2,59,99
54,2,60,99
54,2,61,99
54,2,62,99
54,2,63,99
54,2,64,99
54,2,65,99
54,2,66,99
54,2,67,99
54,2,68,99
54,2,69,99
54,2,70,99
54,2,71,99
54,2,72,99
54,2,73,99
54,2,74,99
54,2,75,99
54,2,76,99
54,2,77,99
54,2,78,99
54,2,79,99
54,2,80,99
54,2,81,99
54,2,82,99
54,2,83,99
54,2,84,99
54,2,85,99
54,2,86,99
54,2,87,99
54,2,88,99
54,2,89,99
54,2,90,99
54,2,91,99
54,2,92,99
54,2,93,99
54,2,94,99
54,2,95,99
54,2,96,99
54,2,97,99
54,2,98,99
54,2,99,99
54,2,100,99
54,2,101,99
54,2,102,99
54,2,103,99
54,2,104,99
54,2,105,99
54,2,106,99
54,2,107,99
54,2,108,99
54,2,109,99
54,2,110,99
54,2,111,99
54,2,112,99
54,2,113,99
54,2,114,99
54,2,115,99
54,2,116,99
54,2,117,99
54,2,118,99
54,2,119,99
54,2,120,99
54,2,121,99
54,2,122,99
54,2,123,99
54,2,124,99
54,2,125,99
54,2,126,99
54,2,127,99
54,2,128,99
54,2,129,99
54,2,130,99
54,2,131,99
54,2,132,99
54,2,133,99
54,2,134,99
54,2,135,99
54,2,136,99
54,2,137,99
54,2,138,99
54,2,139,99
54,2,140,99
54,2,141,99
54,2,142,99
54,2,143,99
54,2,144,99
54,2,145,99
54,2,146,99
54,2,147,99
54,2,148,99
54,2,149,99
54,2,150,99
54,2,151,99
54,2,152,99
54,2,153,99
54,2,154,99
54,2,155,99
54,2,156,99
54,2,157,99
54,2,158,99
54,2,159,99
54,2,160,99
54,2,161,99
54,2,162,99
54,2,163,99
54,2,164,99
54,2,165,99
54,2,166,99
54,2,167,99
54,2,168,99
54,2,169,99
54,2,170,99
54,2,171,99
54,2,172,99
54,2,173,99
54,2,174,99
54,2,175,99
54,2,176,99
54,2,177,99
54,2,178,99
54,2,179,99
54,2,180,99
54,2,181,99
54,2,182,99
54,2,183,99
54,2,184,99
54,2,185,99
54,2,186,99
54,2,187,99
54,2,188,99
54,2,189,99
54,2,190,99
54,2,191,99
54,2,192,99
54,2,193,99
54,2,194,99
54,2,195,99
54,2,196,99
54,2,197,99
54,2,198,99
54,2,199,99
54,2,200,99
54,2,201,99
54,2,202,99
54,2,203,99
54,2,204,99
54,2,205,99
54,2,206,99
54,2,207,99
54,2,208,99
54,2,209,99
54,2,210,99
54,2,211,99
54,2,212,99
54,2,213,99
54,2,214,99
54,2,215,99
54,2,216,99
54,2,217,99
54,2,218,99
54,2,219,99
54,2,220,99
54,2,221,99
54,2,222,99
54,2,223,99
54,2,224,99
54,2,225,99
54,2,226,99
54,2,227,99
54,2,228,99
54,2,229,99
54,2,230,99
54,2,231,99
54,2,232,99
54,2,233,99
54,2,234,99
54,2,235,99
54,2,236,99
54,2,237,99
54,2,238,99
54,2,239,99
54,2,240,99
54,2,241,99
54,2,242,99
54,2,243,99
54,2,244,99
54,2,245,99
54,2,246,99
54,2,247,99
54,2,248,99
54,2,249,99
54,2,250,99
54,2,251,99
54,2,252,99
54,2,253,99
54,2,254,99
54,2,255,99
54,2,256,99
54,2,257,99
54,2,258,99
54,2,259,99
54,2,260,99
54,2,261,99
54,2,262,99
54,2,263,99
54,2,264,99
54,2,265,99
54,2,266,99
54,2,267,99
54,2,268,99
54,2,269,99
54,2,270,99
54,2,271,99
54,2,272,99
54,2,273,99
54,2,274,99
54,2,275,99
54,2,276,99
54,2,277,99
54,2,278,99
54,2,279,99
54,2,280,99
54,2,281,99
54,2,282,99
54,2,283,99
54,2,284,99
54,2,285,99
54,2,286,99
54,2,287,99
54,2,288,99
54,2,289,99
54,2,290,99
54,2,291,99
54,2,292,99
54,2,293,99
54,2,294,99
54,2,295,99
54,2,296,99
54,2,297,99
54,2,298,99
54,2,299,99
54,2,300,99
54,2,301,99
54,2,302,99
54,2,303,99
54,2,304,99
54,2,305,99
54,2,306,99
54,2,307,99
54,2,308,99
54,2,309,99
54,2,310,99
54,2,311,99
54,2,312,99
54,2,313,99
54,2,314,99
54,2,315,99
54,2,316,99
54,2,317,99
54,2,318,99
54,2,319,99
54,2,320,99
54,2,321,99
54,2,322,99
54,2,323,99
54,2,324,99
54,2,325,99
54,2,326,99
54,2,327,99
54,2,328,99
54,2,329,99
54,2,330,99
54,2,331,99
54,2,332,99
54,2,333,99
54,2,334,99
54,2,335,99
54,2,336,99
54,2,337,99
54,2,338,99
54,2,339,99
54,2,340,99
54,2,341,99
54,2,342,99
54,2,343,99
54,2,344,99
54,2,345,99
54,2,346,99
54,2,347,99
54,2,348,99
54,2,349,99
54,2,350,99
54,2,351,99
54,2,352,99
54,2,353,99
54,2,354,99
54,2,355,99
54,2,356,99
54,2,357,99
54,2,358,99
54,2,359,99
54,2,360,99
54,2,361,99
54,2,362,99
54,2,363,99
54,2,364,99
54,2,365,99
54,2,366,99
54,2,367,99
54,2,368,99
54,2,369,99
54,2,370,99
54,2,371,99
54,2,372,99
54,2,373,99
54,2,374,99
54,2,375,99
54,2,376,99
54,2,377,99
54,2,378,99
54,2,379,99
54,2,380,99
54,2,381,99
54,2,382,99
54,2,383,99
54,2,384,99
54,2,385,99
54,2,386,99
54,2,387,99
54,2,388,99
54,2,389,99
54,2,390,99
54,2,391,99
54,2,392,99
54,2,393,99
54,2,394,99
54,2,395,99
54,2,396,99
54,2,397,99
54,2,398,99
54,2,399,99
54,2,400,99
54,2,401,99
54,2,402,99
54,2,403,99
54,2,404,99
54,2,405,99
54,2,406,99
54,2,407,99
54,2,408,99
54,2,409,99
54,2,410,99
54,2,411,99
54,2,412,99
54,2,413,99
54,2,414,99
54,2,415,99
54,2,416,99
54,2,417,99
54,2,418,99
54,2,419,99
54,2,420,99
54,2,421,99
54,2,422,99
54,2,423,99
54,2,424,99
54,2,425,99
54,2,426,99
54,2,427,99
54,2,428,99
54,2,429,99
54,2,430,99
54,2,431,99
54,2,432,99
54,2,433,99
54,2,434,99
54,2,435,99
54,2,436,99
54,2,437,99
54,2,438,99
54,2,439,99
54,2,440,99
54,2,441,99
54,2,442,99
54,2,443,99
54,2,444,99
54,2,445,99
54,2,446,99
54,2,447,99
54,2,448,99
54,2,449,99
54,2,450,99
54,2,451,99
54,2,452,99
54,2,453,99
54,2,454,99
54,2,455,99
54,2,456,99
54,2,457,99
54,2,458,99
54,2,459,99
54,2,460,99
54,2,461,99
54,2,462,99
54,2,463,99
54,2,464,99
54,2,465,99
54,2,466,99
54,2,467,99
54,2,468,99
54,2,469,99
54,2,470,99
54,2,471,99
54,2,472,99
54,2,473,99
54,2,474,99
54,2,475,99
54,2,476,99
54,2,477,99
54,2,478,99
54,2,479,99
54,2,480,99
54,2,481,99
54,2,482,99
54,2,483,99
54,2,484,99
54,2,485,99
54,2,486,99
54,2,487,99
54,2,488,99
54,2,489,99
54,2,490,99
54,2,491,99
54,2,492,99
54,2,493,99
54,2,494,99
54,2,495,99
54,2,496,99
54,2,497,99
54,2,498,99
54,2,499,99
54,3,0,1
54,3,1,16
54,3,2,49
54,3,3,72
54,3,4,91
54,3,5,99
54,3,6,99
54,3,7,99
54,3,8,99
54,3,9,99
54,3,10,99
54,3,11,99
54,3,12,99
54,3,13,99
54,3,14,99
54,3,15,99
54,3,16,99
54,3,17,99
54,3,18,99
54,3,19,99
54,3,20,99
54,3,21,99
54,3,22,99
54,3,23,99
54,3,24,99
54,3,25,99
54,3,26,99
54,3,27,99
54,3,28,99
54,3,29,99
54,3,30,99
54,3,31,99
54,3,32,99
54,3,33,99
54,3,34,99
54,3,35,99
54,3,36,99
54,3,37,99
54,3,38,99
54,3,39,99
54,3,40,99
54,3,41,99
54,3,42,99
54,3,43,99
54,3,44,99
54,3,45,99
54,3,46,99
54,3,47,99
54,3,48,99
54,3,49,99
54,3,50,99
54,3,51,99
54,3,52,99
54,3,53,99
54,3,54,99
54,3,55,99
54,3,56,99
54,3,57,99
54,3,58,99
54,3,59,99
54,3,60,99
54,3,61,99
54,3,62,99
54,3,63,99
54,3,64,99
54,3,65,99
54,3,66,99
54,3,67,99
54,3,68,99
54,3,69,99
54,3,70,99
54,3,71,99
54,3,72,99
54,3,73,99
54,3,74,99
54,3,75,99
54,3,76,99
54,3,77,99
54,3,78,99
54,3,79,99
54,3,80,99
54,3,81,99
54,3,82,99
54,3,83,99
54,3,84,99
54,3,85,99
54,3,86,99
54,3,87,99
54,3,88,99
54,3,89,99
54,3,90,99
54,3,91,99
54,3,92,99
54,3,93,99
54,3,94,99
54,3,95,99
54,3,96,99
54,3,97,99
54,3,98,99
54,3,99,99
54,3,100,99
54,3,101,99
54,3,102,99
54,3,103,99
54,3,104,99
54,3,105,99
54,3,106,99
54,3,107,99
54,3,108,99
54,3,109,99
54,3,110,99
54,3,111,99
54,3,112,99
54,3,113,99
54,3,114,99
54,3,115,99
54,3,116,99
54,3,117,99
54,3,118,99
54,3,119,99
54,3,120,99
54,3,121,99
54,3,122,99
54,3,123,99
54,3,124,99
54,3,125,99
54,3,126,99
54,3,127,99
54,3,128,99
54,3,129,99
54,3,130,99
54,3,131,99
54,3,132,99
54,3,133,99
54,3,134,99
54,3,135,99
54,3,136,99
54,3,137,99
54,3,138,99
54,3,139,99
54,3,140,99
54,3,141,99
54,3,142,99
54,3,143,99
54,3,144,99
54,3,145,99
54,3,146,99
54,3,147,99
54,3,148,99
54,3,149,99
54,3,150,99
54,3,151,99
54,3,152,99
54,3,153,99
54,3,154,99
54,3,155,99
54,3,156,99
54,3,157,99
54,3,158,99
54,3,159,99
54,3,160,99
54,3,161,99
54,3,162,99
54,3,163,99
54,3,164,99
54,3,165,99
54,3,166,99
54,3,167,99
54,3,168,99
54,3,169,99
54,3,170,99
54,3,171,99
54,3,172,99
54,3,173,99
54,3,174,99
54,3,175,99
54,3,176,99
54,3,177,99
54,3,178,99
54,3,179,99
54,3,180,99
54,3,181,99
54,3,182,99
54,3,183,99
54,3,184,99
54,3,185,99
54,3,186,99
54,3,187,99
54,3,188,99
54,3,189,99
54,3,190,99
54,3,191,99
54,3,192,99
54,3,193,99
54,3,194,99
54,3,195,99
54,3,196,99
54,3,197,99
54,3,198,99
54,3,199,99
54,3,200,99
54,3,201,99
54,3,202,99
54,3,203,99
54,3,204,99
54,3,205,99
54,3,206,99
54,3,207,99
54,3,208,99
54,3,209,99
54,3,210,99
54,3,211,99
54,3,212,99
54,3,213,99
54,3,214,99
54,3,215,99
54,3,216,99
54,3,217,99
54,3,218,99
54,3,219,99
54,3,220,99
54,3,221,99
54,3,222,99
54,3,223,99
54,3,224,99
54,3,225,99
54,3,226,99
54,3,227,99
54,3,228,99
54,3,229,99
54,3,230,99
54,3,231,99
54,3,232,99
54,3,233,99
54,3,234,99
54,3,235,99
54,3,236,99
54,3,237,99
54,3,238,99
54,3,239,99
54,3,240,99
54,3,241,99
54,3,242,99
54,3,243,99
54,3,244,99
54,3,245,99
54,3,246,99
54,3,247,99
54,3,248,99
54,3,249,99
54,3,250,99
54,3,251,99
54,3,252,99
54,3,253,99
54,3,254,99
54,3,255,99
54,3,256,99
54,3,257,99
54,3,258,99
54,3,259,99
54,3,260,99
54,3,261,99
54,3,262,99
54,3,263,99
54,3,264,99
54,3,265,99
54,3,266,99
54,3,267,99
54,3,268,99
54,3,269,99
54,3,270,99
54,3,271,99
54,3,272,99
54,3,273,99
54,3,274,99
54,3,275,99
54,3,276,99
54,3,277,99
54,3,278,99
54,3,279,99
54,3,280,99
54,3,281,99
54,3,282,99
54,3,283,99
54,3,284,99
54,3,285,99
54,3,286,99
54,3,287,99
54,3,288,99
54,3,289,99
54,3,290,99
54,3,291,99
54,3,292,99
54,3,293,99
54,3,294,99
54,3,295,99
54,3,296,99
54,3,297,99
54,3,298,99
54,3,299,99
54,3,300,99
54,3,301,99
54,3,302,99
54,3,303,99
54,3,304,99
54,3,305,99
54,3,306,99
54,3,307,99
54,3,308,99
54,3,309,99
54,3,310,99
54,3,311,99
54,3,312,99
54,3,313,99
54,3,314,99
54,3,315,99
54,3,316,99
54,3,317,99
54,3,318,99
54,3,319,99
54,3,320,99
54,3,321,99
54,3,322,99
54,3,323,99
54,3,324,99
54,3,325,99
54,3,326,99
54,3,327,99
54,3,328,99
54,3,329,99
54,3,330,99
54,3,331,99
54,3,332,99
54,3,333,99
54,3,334,99
54,3,335,99
54,3,336,99
54,3,337,99
54,3,338,99
54,3,339,99
54,3,340,99
54,3,341,99
54,3,342,99
54,3,343,99
54,3,344,99
54,3,345,99
54,3,346,99
54,3,347,99
54,3,348,99
54,3,349,99
54,3,350,99
54,3,351,99
54,3,352,99
54,3,353,99
54,3,354,99
54,3,355,99
54,3,356,99
54,3,357,99
54,3,358,99
54,3,359,99
54,3,360,99
54,3,361,99
54,3,362,99
54,3,363,99
54,3,364,99
54,3,365,99
54,3,366,99
54,3,367,99
54,3,368,99
54,3,369,99
54,3,370,99
54,3,371,99
54,3,372,99
54,3,373,99
54,3,374,99
54,3,375,99
54,3,376,99
54,3,377,99
54,3,378,99
54,3,379,99
54,3,380,99
54,3,381,99
54,3,382,99
54,3,383,99
54,3,384,99
54,3,385,99
54,3,386,99
54,3,387,99
54,3,388,99
54,3,389,99
54,3,390,99
54,3,391,99
54,3,392,99
54,3,393,99
54,3,394,99
54,3,395,99
54,3,396,99
54,3,397,99
54,3,398,99
54,3,399,99
54,3,400,99
54,3,401,99
54,3,402,99
54,3,403,99
54,3,404,99
54,3,405,99
54,3,406,99
54,3,407,99
54,3,408,99
54,3,409,99
54,3,410,99
54,3,411,99
54,3,412,99
54,3,413,99
54,3,414,99
54,3,415,99
54,3,416,99
54,3,417,99
54,3,418,99
54,3,419,99
54,3,420,99
54,3,421,99
54,3,422,99
54,3,423,99
54,3,424,99
54,3,425,99
54,3,426,99
54,3,427,99
54,3,428,99
54,3,429,99
54,3,430,99
54,3,431,99
54,3,432,99
54,3,433,99
54,3,434,99
54,3,435,99
54,3,436,99
54,3,437,99
54,3,438,99
54,3,439,99
54,3,440,99
54,3,441,99
54,3,442,99
54,3,443,99
54,3,444,99
54,3,445,99
54,3,446,99
54,3,447,99
54,3,448,99
54,3,449,99
54,3,450,99
54,3,451,99
54,3,452,99
54,3,453,99
54,3,454,99
54,3,455,99
54,3,456,99
54,3,457,99
54,3,458,99
54,3,459,99
54,3,460,99
54,3,461,99
54,3,462,99
54,3,463,99
54,3,464,99
54,3,465,99
54,3,466,99
54,3,467,99
54,3,468,99
54,3,469,99
54,3,470,99
54,3,471,99
54,3,472,99
54,3,473,99
54,3,474,99
54,3,475,99
54,3,476,99
54,3,477,99
54,3,478,99
54,3,479,99
54,3,480,99
54,3,481,99
54,3,482,99
54,3,483,99
54,3,484,99
54,3,485,99
54,3,486,99
54,3,487,99
54,3,488,99
54,3,489,99
54,3,490,99
54,3,491,99
54,3,492,99
54,3,493,99
54,3,494,99
54,3,495,99
54,3,496,99
54,3,497,99
54,3,498,99
54,3,499,99
54,4,0,1
54,4,1,19
54,4,2,40
54,4,3,59
54,4,4,81
54,4,5,96
54,4,6,99
54,4,7,99
54,4,8,99
54,4,9,99
54,4,10,99
54,4,11,99
54,4,12,99
54,4,13,99
54,4,14,99
54,4,15,99
54,4,16,99
54,4,17,99
54,4,18,99
54,4,19,99
54,4,20,99
54,4,21,99
54,4,22,99
54,4,23,99
54,4,24,99
54,4,25,99
54,4,26,99
54,4,27,99
54,4,28,99
54,4,29,99
54,4,30,99
54,4,31,99
54,4,32,99
54,4,33,99
54,4,34,99
54,4,35,99
54,4,36,99
54,4,37,99
54,4,38,99
54,4,39,99
54,4,40,99
54,4,41,99
54,4,42,99
54,4,43,99
54,4,44,99
54,4,45,99
54,4,46,99
54,4,47,99
54,4,48,99
54,4,49,99
54,4,50,99
54,4,51,99
54,4,52,99
54,4,53,99
54,4,54,99
54,4,55,99
54,4,56,99
54,4,57,99
54,4,58,99
54,4,59,99
54,4,60,99
54,4,61,99
54,4,62,99
54,4,63,99
54,4,64,99
54,4,65,99
54,4,66,99
54,4,67,99
54,4,68,99
54,4,69,99
54,4,70,99
54,4,71,99
54,4,72,99
54,4,73,99
54,4,74,99
54,4,75,99
54,4,76,99
54,4,77,99
54,4,78,99
54,4,79,99
54,4,80,99
54,4,81,99
54,4,82,99
54,4,83,99
54,4,84,99
54,4,85,99
54,4,86,99
54,4,87,99
54,4,88,99
54,4,89,99
54,4,90,99
54,4,91,99
54,4,92,99
54,4,93,99
54,4,94,99
54,4,95,99
54,4,96,99
54,4,97,99
54,4,98,99
54,4,99,99
54,4,100,99
54,4,101,99
54,4,102,99
54,4,103,99
54,4,104,99
54,4,105,99
54,4,106,99
54,4,107,99
54,4,108,99
54,4,109,99
54,4,110,99
54,4,111,99
54,4,112,99
54,4,113,99
54,4,114,99
54,4,115,99
54,4,116,99
54,4,117,99
54,4,118,99
54,4,119,99
54,4,120,99
54,4,121,99
54,4,122,99
54,4,123,99
54,4,124,99
54,4,125,99
54,4,126,99
54,4,127,99
54,4,128,99
54,4,129,99
54,4,130,99
54,4,131,99
54,4,132,99
54,4,133,99
54,4,134,99
54,4,135,99
54,4,136,99
54,4,137,99
54,4,138,99
54,4,139,99
54,4,140,99
54,4,141,99
54,4,142,99
54,4,143,99
54,4,144,99
54,4,145,99
54,4,146,99
54,4,147,99
54,4,148,99
54,4,149,99
54,4,150,99
54,4,151,99
54,4,152,99
54,4,153,99
54,4,154,99
54,4,155,99
54,4,156,99
54,4,157,99
54,4,158,99
54,4,159,99
54,4,160,99
54,4,161,99
54,4,162,99
54,4,163,99
54,4,164,99
54,4,165,99
54,4,166,99
54,4,167,99
54,4,168,99
54,4,169,99
54,4,170,99
54,4,171,99
54,4,172,99
54,4,173,99
54,4,174,99
54,4,175,99
54,4,176,99
54,4,177,99
54,4,178,99
54,4,179,99
54,4,180,99
54,4,181,99
54,4,182,99
54,4,183,99
54,4,184,99
54,4,185,99
54,4,186,99
54,4,187,99
54,4,188,99
54,4,189,99
54,4,190,99
54,4,191,99
54,4,192,99
54,4,193,99
54,4,194,99
54,4,195,99
54,4,196,99
54,4,197,99
54,4,198,99
54,4,199,99
54,4,200,99
54,4,201,99
54,4,202,99
54,4,203,99
54,4,204,99
54,4,205,99
54,4,206,99
54,4,207,99
54,4,208,99
54,4,209,99
54,4,210,99
54,4,211,99
54,4,212,99
54,4,213,99
54,4,214,99
54,4,215,99
54,4,216,99
54,4,217,99
54,4,218,99
54,4,219,99
54,4,220,99
54,4,221,99
54,4,222,99
54,4,223,99
54,4,224,99
54,4,225,99
54,4,226,99
54,4,227,99
54,4,228,99
54,4,229,99
54,4,230,99
54,4,231,99
54,4,232,99
54,4,233,99
54,4,234,99
54,4,235,99
54,4,236,99
54,4,237,99
54,4,238,99
54,4,239,99
54,4,240,99
54,4,241,99
54,4,242,99
54,4,243,99
54,4,244,99
54,4,245,99
54,4,246,99
54,4,247,99
54,4,248,99
54,4,249,99
54,4,250,99
54,4,251,99
54,4,252,99
54,4,253,99
54,4,254,99
54,4,255,99
54,4,256,99
54,4,257,99
54,4,258,99
54,4,259,99
54,4,260,99
54,4,261,99
54,4,262,99
54,4,263,99
54,4,264,99
54,4,265,99
54,4,266,99
54,4,267,99
54,4,268,99
54,4,269,99
54,4,270,99
54,4,271,99
54,4,272,99
54,4,273,99
54,4,274,99
54,4,275,99
54,4,276,99
54,4,277,99
54,4,278,99
54,4,279,99
54,4,280,99
54,4,281,99
54,4,282,99
54,4,283,99
54,4,284,99
54,4,285,99
54,4,286,99
54,4,287,99
54,4,288,99
54,4,289,99
54,4,290,99
54,4,291,99
54,4,292,99
54,4,293,99
54,4,294,99
54,4,295,99
54,4,296,99
54,4,297,99
54,4,298,99
54,4,299,99
54,4,300,99
54,4,301,99
54,4,302,99
54,4,303,99
54,4,304,99
54,4,305,99
54,4,306,99
54,4,307,99
54,4,308,99
54,4,309,99
54,4,310,99
54,4,311,99
54,4,312,99
54,4,313,99
54,4,314,99
54,4,315,99
54,4,316,99
54,4,317,99
54,4,318,99
54,4,319,99
54,4,320,99
54,4,321,99
54,4,322,99
54,4,323,99
54,4,324,99
54,4,325,99
54,4,326,99
54,4,327,99
54,4,328,99
54,4,329,99
54,4,330,99
54,4,331,99
54,4,332,99
54,4,333,99
54,4,334,99
54,4,335,99
54,4,336,99
54,4,337,99
54,4,338,99
54,4,339,99
54,4,340,99
54,4,341,99
54,4,342,99
54,4,343,99
54,4,344,99
54,4,345,99
54,4,346,99
54,4,347,99
54,4,348,99
54,4,349,99
54,4,350,99
54,4,351,99
54,4,352,99
54,4,353,99
54,4,354,99
54,4,355,99
54,4,356,99
54,4,357,99
54,4,358,99
54,4,359,99
54,4,360,99
54,4,361,99
54,4,362,99
54,4,363,99
54,4,364,99
54,4,365,99
54,4,366,99
54,4,367,99
54,4,368,99
54,4,369,99
54,4,370,99
54,4,371,99
54,4,372,99
54,4,373,99
54,4,374,99
54,4,375,99
54,4,376,99
54,4,377,99
54,4,378,99
54,4,379,99
54,4,380,99
54,4,381,99
54,4,382,99
54,4,383,99
54,4,384,99
54,4,385,99
54,4,386,99
54,4,387,99
54,4,388,99
54,4,389,99
54,4,390,99
54,4,391,99
54,4,392,99
54,4,393,99
54,4,394,99
54,4,395,99
54,4,396,99
54,4,397,99
54,4,398,99
54,4,399,99
54,4,400,99
54,4,401,99
54,4,402,99
54,4,403,99
54,4,404,99
54,4,405,99
54,4,406,99
54,4,407,99
54,4,408,99
54,4,409,99
54,4,410,99
54,4,411,99
54,4,412,99
54,4,413,99
54,4,414,99
54,4,415,99
54,4,416,99
54,4,417,99
54,4,418,99
54,4,419,99
54,4,420,99
54,4,421,99
54,4,422,99
54,4,423,99
54,4,424,99
54,4,425,99
54,4,426,99
54,4,427,99
54,4,428,99
54,4,429,99
54,4,430,99
54,4,431,99
54,4,432,99
54,4,433,99
54,4,434,99
54,4,435,99
54,4,436,99
54,4,437,99
54,4,438,99
54,4,439,99
54,4,440,99
54,4,441,99
54,4,442,99
54,4,443,99
54,4,444,99
54,4,445,99
54,4,446,99
54,4,447,99
54,4,448,99
54,4,449,99
54,4,450,99
54,4,451,99
54,4,452,99
54,4,453,99
54,4,454,99
54,4,455,99
54,4,456,99
54,4,457,99
54,4,458,99
54,4,459,99
54,4,460,99
54,4,461,99
54,4,462,99
54,4,463,99
54,4,464,99
54,4,465,99
54,4,466,99
54,4,467,99
54,4,468,99
54,4,469,99
54,4,470,99
54,4,471,99
54,4,472,99
54,4,473,99
54,4,474,99
54,4,475,99
54,4,476,99
54,4,477,99
54,4,478,99
54,4,479,99
54,4,480,99
54,4,481,99
54,4,482,99
54,4,483,99
54,4,484,99
54,4,485,99
54,4,486,99
54,4,487,99
54,4,488,99
54,4,489,99
54,4,490,99
54,4,491,99
54,4,492,99
54,4,493,99
54,4,494,99
54,4,495,99
54,4,496,99
54,4,497,99
54,4,498,99
54,4,499,99
54,5,0,1
54,5,1,12
54,5,2,25
54,5,3,46
54,5,4,67
54,5,5,81
54,5,6,92
54,5,7,98
54,5,8,98
54,5,9,98
54,5,10,98
54,5,11,98
54,5,12,98
54,5,13,98
54,5,14,98
54,5,15,98
54,5,16,98
54,5,17,98
54,5,18,98
54,5,19,98
54,5,20,98
54,5,21,98
54,5,22,98
54,5,23,98
54,5,24,98
54,5,25,98
54,5,26,98
54,5,27,98
54,5,28,98
54,5,29,98
54,5,30,98
54,5,31,98
54,5,32,98
54,5,33,98
54,5,34,98
54,5,35,98
54,5,36,98
54,5,37,98
54,5,38,98
54,5,39,98
54,5,40,98
54,5,41,98
54,5,42,98
54,5,43,98
54,5,44,98
54,5,45,98
54,5,46,98
54,5,47,98
54,5,48,98
54,5,49,98
54,5,50,98
54,5,51,98
54,5,52,98
54,5,53,98
54,5,54,98
54,5,55,98
54,5,56,98
54,5,57,98
54,5,58,98
54,5,59,98
54,5,60,98
54,5,61,98
54,5,62,98
54,5,63,98
54,5,64,98
54,5,65,98
54,5,66,98
54,5,67,98
54,5,68,98
54,5,69,98
54,5,70,98
54,5,71,98
54,5,72,98
54,5,73,98
54,5,74,98
54,5,75,98
54,5,76,98
54,5,77,98
54,5,78,98
54,5,79,98
54,5,80,98
54,5,81,98
54,5,82,98
54,5,83,98
54,5,84,98
54,5,85,98
54,5,86,98
54,5,87,98
54,5,88,98
54,5,89,98
54,5,90,98
54,5,91,98
54,5,92,98
54,5,93,98
54,5,94,98
54,5,95,98
54,5,96,98
54,5,97,98
54,5,98,98
54,5,99,98
54,5,100,98
54,5,101,98
54,5,102,98
54,5,103,98
54,5,104,98
54,5,105,98
54,5,106,98
54,5,107,98
54,5,108,98
54,5,109,98
54,5,110,98
54,5,111,98
54,5,112,98
54,5,113,98
54,5,114,98
54,5,115,98
54,5,116,98
54,5,117,98
54,5,118,98
54,5,119,98
54,5,120,98
54,5,121,98
54,5,122,98
54,5,123,98
54,5,124,98
54,5,125,98
54,5,126,98
54,5,127,98
54,5,128,98
54,5,129,98
54,5,130,98
54,5,131,98
54,5,132,98
54,5,133,98
54,5,134,98
54,5,135,98
54,5,136,98
54,5,137,98
54,5,138,98
54,5,139,98
54,5,140,98
54,5,141,98
54,5,142,98
54,5,143,98
54,5,144,98
54,5,145,98
54,5,146,98
54,5,147,98
54,5,148,98
54,5,149,98
54,5,150,98
54,5,151,98
54,5,152,98
54,5,153,98
54,5,154,98
54,5,155,98
54,5,156,98
54,5,157,98
54,5,158,98
54,5,159,98
54,5,160,98
54,5,161,98
54,5,162,98
54,5,163,98
54,5,164,98
54,5,165,98
54,5,166,98
54,5,167,98
54,5,168,98
54,5,169,98
54,5,170,98
54,5,171,98
54,5,172,98
54,5,173,98
54,5,174,98
54,5,175,98
54,5,176,98
54,5,177,98
54,5,178,98
54,5,179,98
54,5,180,98
54,5,181,98
54,5,182,98
54,5,183,98
54,5,184,98
54,5,185,98
54,5,186,98
54,5,187,98
54,5,188,98
54,5,189,98
54,5,190,98
54,5,191,98
54,5,192,98
54,5,193,98
54,5,194,98
54,5,195,98
54,5,196,98
54,5,197,98
54,5,198,98
54,5,199,98
54,5,200,98
54,5,201,98
54,5,202,98
54,5,203,98
54,5,204,98
54,5,205,98
54,5,206,98
54,5,207,98
54,5,208,98
54,5,209,98
54,5,210,98
54,5,211,98
54,5,212,98
54,5,213,98
54,5,214,98
54,5,215,98
54,5,216,98
54,5,217,98
54,5,218,98
54,5,219,98
54,5,220,98
54,5,221,98
54,5,222,98
54,5,223,98
54,5,224,98
54,5,225,98
54,5,226,98
54,5,227,98
54,5,228,98
54,5,229,98
54,5,230,98
54,5,231,98
54,5,232,98
54,5,233,98
54,5,234,98
54,5,235,98
54,5,236,98
54,5,237,98
54,5,238,98
54,5,239,98
54,5,240,98
54,5,241,98
54,5,242,98
54,5,243,98
54,5,244,98
54,5,245,98
54,5,246,98
54,5,247,98
54,5,248,98
54,5,249,98
54,5,250,98
54,5,251,98
54,5,252,98
54,5,253,98
54,5,254,98
54,5,255,98
54,5,256,98
54,5,257,98
54,5,258,98
54,5,259,98
54,5,260,98
54,5,261,98
54,5,262,98
54,5,263,98
54,5,264,98
54,5,265,98
54,5,266,98
54,5,267,98
54,5,268,98
54,5,269,98
54,5,270,98
54,5,271,98
54,5,272,98
54,5,273,98
54,5,274,98
54,5,275,98
54,5,276,98
54,5,277,98
54,5,278,98
54,5,279,98
54,5,280,98
54,5,281,98
54,5,282,98
54,5,283,98
54,5,284,98
54,5,285,98
54,5,286,98
54,5,287,98
54,5,288,98
54,5,289,98
54,5,290,98
54,5,291,98
54,5,292,98
54,5,293,98
54,5,294,98
54,5,295,98
54,5,296,98
54,5,297,98
54,5,298,98
54,5,299,98
54,5,300,98
54,5,301,98
54,5,302,98
54,5,303,98
54,5,304,98
54,5,305,98
54,5,306,98
54,5,307,98
54,5,308,98
54,5,309,98
54,5,310,98
54,5,311,98
54,5,312,98
54,5,313,98
54,5,314,98
54,5,315,98
54,5,316,98
54,5,317,98
54,5,318,98
54,5,319,98
54,5,320,98
54,5,321,98
54,5,322,98
54,5,323,98
54,5,324,98
54,5,325,98
54,5,326,98
54,5,327,98
54,5,328,98
54,5,329,98
54,5,330,98
54,5,331,98
54,5,332,98
54,5,333,98
54,5,334,98
54,5,335,98
54,5,336,98
54,5,337,98
54,5,338,98
54,5,339,98
54,5,340,98
54,5,341,98
54,5,342,98
54,5,343,98
54,5,344,98
54,5,345,98
54,5,346,98
54,5,347,98
54,5,348,98
54,5,349,98
54,5,350,98
54,5,351,98
54,5,352,98
54,5,353,98
54,5,354,98
54,5,355,98
54,5,356,98
54,5,357,98
54,5,358,98
54,5,359,98
54,5,360,98
54,5,361,98
54,5,362,98
54,5,363,98
54,5,364,98
54,5,365,98
54,5,366,98
54,5,367,98
54,5,368,98
54,5,369,98
54,5,370,98
54,5,371,98
54,5,372,98
54,5,373,98
54,5,374,98
54,5,375,98
54,5,376,98
54,5,377,98
54,5,378,98
54,5,379,98
54,5,380,98
54,5,381,98
54,5,382,98
54,5,383,98
54,5,384,98
54,5,385,98
54,5,386,98
54,5,387,98
54,5,388,98
54,5,389,98
54,5,390,98
54,5,391,98
54,5,392,98
54,5,393,98
54,5,394,98
54,5,395,98
54,5,396,98
54,5,397,98
54,5,398,98
54,5,399,98
54,5,400,98
54,5,401,98
54,5,402,98
54,5,403,98
54,5,404,98
54,5,405,98
54,5,406,98
54,5,407,98
54,5,408,98
54,5,409,98
54,5,410,98
54,5,411,98
54,5,412,98
54,5,413,98
54,5,414,98
54,5,415,98
54,5,416,98
54,5,417,98
54,5,418,98
54,5,419,98
54,5,420,98
54,5,421,98
54,5,422,98
54,5,423,98
54,5,424,98
54,5,425,98
54,5,426,98
54,5,427,98
54,5,428,98
54,5,429,98
54,5,430,98
54,5,431,98
54,5,432,98
54,5,433,98
54,5,434,98
54,5,435,98
54,5,436,98
54,5,437,98
54,5,438,98
54,5,439,98
54,5,440,98
54,5,441,98
54,5,442,98
54,5,443,98
54,5,444,98
54,5,445,98
54,5,446,98
54,5,447,98
54,5,448,98
54,5,449,98
54,5,450,98
54,5,451,98
54,5,452,98
54,5,453,98
54,5,454,98
54,5,455,98
54,5,456,98
54,5,457,98
54,5,458,98
54,5,459,98
54,5,460,98
54,5,461,98
54,5,462,98
54,5,463,98
54,5,464,98
54,5,465,98
54,5,466,98
54,5,467,98
54,5,468,98
54,5,469,98
54,5,470,98
54,5,471,98
54,5,472,98
54,5,473,98
54,5,474,98
54,5,475,98
54,5,476,98
54,5,477,98
54,5,478,98
54,5,479,98
54,5,480,98
54,5,481,98
54,5,482,98
54,5,483,98
54,5,484,98
54,5,485,98
54,5,486,98
54,5,487,98
54,5,488,98
54,5,489,98
54,5,490,98
54,5,491,98
54,5,492,98
54,5,493,98
54,5,494,98
54,5,495,98
54,5,496,98
54,5,497,98
54,5,498,98
54,5,499,98
54,6,0,1
54,6,1,15
54,6,2,46
54,6,3,74
54,6,4,83
54,6,5,94
54,6,6,99
54,6,7,99
54,6,8,99
54,6,9,99
54,6,10,99
54,6,11,99
54,6,12,99
54,6,13,99
54,6,14,99
54,6,15,99
54,6,16,99
54,6,17,99
54,6,18,99
54,6,19,99
54,6,20,99
54,6,21,99
54,6,22,99
54,6,23,99
54,6,24,99
54,6,25,99
54,6,26,99
54,6,27,99
54,6,28,99
54,6,29,99
54,6,30,99
54,6,31,99
54,6,32,99
54,6,33,99
54,6,34,99
54,6,35,99
54,6,36,99
54,6,37,99
54,6,38,99
54,6,39,99
54,6,40,99
54,6,41,99
54,6,42,99
54,6,43,99
54,6,44,99
54,6,45,99
54,6,46,99
54,6,47,99
54,6,48,99
54,6,49,99
54,6,50,99
54,6,51,99
54,6,52,99
54,6,53,99
54,6,54,99
54,6,55,99
54,6,56,99
54,6,57,99
54,6,58,99
54,6,59,99
54,6,60,99
54,6,61,99
54,6,62,99
54,6,63,99
54,6,64,99
54,6,65,99
54,6,66,99
54,6,67,99
54,6,68,99
54,6,69,99
54,6,70,99
54,6,71,99
54,6,72,99
54,6,73,99
54,6,74,99
54,6,75,99
54,6,76,99
54,6,77,99
54,6,78,99
54,6,79,99
54,6,80,99
54,6,81,99
54,6,82,99
54,6,83,99
54,6,84,99
54,6,85,99
54,6,86,99
54,6,87,99
54,6,88,99
54,6,89,99
54,6,90,99
54,6,91,99
54,6,92,99
54,6,93,99
54,6,94,99
54,6,95,99
54,6,96,99
54,6,97,99
54,6,98,99
54,6,99,99
54,6,100,99
54,6,101,99
54,6,102,99
54,6,103,99
54,6,104,99
54,6,105,99
54,6,106,99
54,6,107,99
54,6,108,99
54,6,109,99
54,6,110,99
54,6,111,99
54,6,112,99
54,6,113,99
54,6,114,99
54,6,115,99
54,6,116,99
54,6,117,99
54,6,118,99
54,6,119,99
54,6,120,99
54,6,121,99
54,6,122,99
54,6,123,99
54,6,124,99
54,6,125,99
54,6,126,99
54,6,127,99
54,6,128,99
54,6,129,99
54,6,130,99
54,6,131,99
54,6,132,99
54,6,133,99
54,6,134,99
54,6,135,99
54,6,136,99
54,6,137,99
54,6,138,99
54,6,139,99
54,6,140,99
54,6,141,99
54,6,142,99
54,6,143,99
54,6,144,99
54,6,145,99
54,6,146,99
54,6,147,99
54,6,148,99
54,6,149,99
54,6,150,99
54,6,151,99
54,6,152,99
54,6,153,99
54,6,154,99
54,6,155,99
54,6,156,99
54,6,157,99
54,6,158,99
54,6,159,99
54,6,160,99
54,6,161,99
54,6,162,99
54,6,163,99
54,6,164,99
54,6,165,99
54,6,166,99
54,6,167,99
54,6,168,99
54,6,169,99
54,6,170,99
54,6,171,99
54,6,172,99
54,6,173,99
54,6,174,99
54,6,175,99
54,6,176,99
54,6,177,99
54,6,178,99
54,6,179,99
54,6,180,99
54,6,181,99
54,6,182,99
54,6,183,99
54,6,184,99
54,6,185,99
54,6,186,99
54,6,187,99
54,6,188,99
54,6,189,99
54,6,190,99
54,6,191,99
54,6,192,99
54,6,193,99
54,6,194,99
54,6,195,99
54,6,196,99
54,6,197,99
54,6,198,99
54,6,199,99
54,6,200,99
54,6,201,99
54,6,202,99
54,6,203,99
54,6,204,99
54,6,205,99
54,6,206,99
54,6,207,99
54,6,208,99
54,6,209,99
54,6,210,99
54,6,211,99
54,6,212,99
54,6,213,99
54,6,214,99
54,6,215,99
54,6,216,99
54,6,217,99
54,6,218,99
54,6,219,99
54,6,220,99
54,6,221,99
54,6,222,99
54,6,223,99
54,6,224,99
54,6,225,99
54,6,226,99
54,6,227,99
54,6,228,99
54,6,229,99
54,6,230,99
54,6,231,99
54,6,232,99
54,6,233,99
54,6,234,99
54,6,235,99
54,6,236,99
54,6,237,99
54,6,238,99
54,6,239,99
54,6,240,99
54,6,241,99
54,6,242,99
54,6,243,99
54,6,244,99
54,6,245,99
54,6,246,99
54,6,247,99
54,6,248,99
54,6,249,99
54,6,250,99
54,6,251,99
54,6,252,99
54,6,253,99
54,6,254,99
54,6,255,99
54,6,256,99
54,6,257,99
54,6,258,99
54,6,259,99
54,6,260,99
54,6,261,99
54,6,262,99
54,6,263,99
54,6,264,99
54,6,265,99
54,6,266,99
54,6,267,99
54,6,268,99
54,6,269,99
54,6,270,99
54,6,271,99
54,6,272,99
54,6,273,99
54,6,274,99
54,6,275,99
54,6,276,99
54,6,277,99
54,6,278,99
54,6,279,99
54,6,280,99
54,6,281,99
54,6,282,99
54,6,283,99
54,6,284,99
54,6,285,99
54,6,286,99
54,6,287,99
54,6,288,99
54,6,289,99
54,6,290,99
54,6,291,99
54,6,292,99
54,6,293,99
54,6,294,99
54,6,295,99
54,6,296,99
54,6,297,99
54,6,298,99
54,6,299,99
54,6,300,99
54,6,301,99
54,6,302,99
54,6,303,99
54,6,304,99
54,6,305,99
54,6,306,99
54,6,307,99
54,6,308,99
54,6,309,99
54,6,310,99
54,6,311,99
54,6,312,99
54,6,313,99
54,6,314,99
54,6,315,99
54,6,316,99
54,6,317,99
54,6,318,99
54,6,319,99
54,6,320,99
54,6,321,99
54,6,322,99
54,6,323,99
54,6,324,99
54,6,325,99
54,6,326,99
54,6,327,99
54,6,328,99
54,6,329,99
54,6,330,99
54,6,331,99
54,6,332,99
54,6,333,99
54,6,334,99
54,6,335,99
54,6,336,99
54,6,337,99
54,6,338,99
54,6,339,99
54,6,340,99
54,6,341,99
54,6,342,99
54,6,343,99
54,6,344,99
54,6,345,99
54,6,346,99
54,6,347,99
54,6,348,99
54,6,349,99
54,6,350,99
54,6,351,99
54,6,352,99
54,6,353,99
54,6,354,99
54,6,355,99
54,6,356,99
54,6,357,99
54,6,358,99
54,6,359,99
54,6,360,99
54,6,361,99
54,6,362,99
54,6,363,99
54,6,364,99
54,6,365,99
54,6,366,99
54,6,367,99
54,6,368,99
54,6,369,99
54,6,370,99
54,6,371,99
54,6,372,99
54,6,373,99
54,6,374,99
54,6,375,99
54,6,376,99
54,6,377,99
54,6,378,99
54,6,379,99
54,6,380,99
54,6,381,99
54,6,382,99
54,6,383,99
54,6,384,99
54,6,385,99
54,6,386,99
54,6,387,99
54,6,388,99
54,6,389,99
54,6,390,99
54,6,391,99
54,6,392,99
54,6,393,99
54,6,394,99
54,6,395,99
54,6,396,99
54,6,397,99
54,6,398,99
54,6,399,99
54,6,400,99
54,6,401,99
54,6,402,99
54,6,403,99
54,6,404,99
54,6,405,99
54,6,406,99
54,6,407,99
54,6,408,99
54,6,409,99
54,6,410,99
54,6,411,99
54,6,412,99
54,6,413,99
54,6,414,99
54,6,415,99
54,6,416,99
54,6,417,99
54,6,418,99
54,6,419,99
54,6,420,99
54,6,421,99
54,6,422,99
54,6,423,99
54,6,424,99
54,6,425,99
54,6,426,99
54,6,427,99
54,6,428,99
54,6,429,99
54,6,430,99
54,6,431,99
54,6,432,99
54,6,433,99
54,6,434,99
54,6,435,99
54,6,436,99
54,6,437,99
54,6,438,99
54,6,439,99
54,6,440,99
54,6,441,99
54,6,442,99
54,6,443,99
54,6,444,99
54,6,445,99
54,6,446,99
54,6,447,99
54,6,448,99
54,6,449,99
54,6,450,99
54,6,451,99
54,6,452,99
54,6,453,99
54,6,454,99
54,6,455,99
54,6,456,99
54,6,457,99
54,6,458,99
54,6,459,99
54,6,460,99
54,6,461,99
54,6,462,99
54,6,463,99
54,6,464,99
54,6,465,99
54,6,466,99
54,6,467,99
54,6,468,99
54,6,469,99
54,6,470,99
54,6,471,99
54,6,472,99
54,6,473,99
54,6,474,99
54,6,475,99
54,6,476,99
54,6,477,99
54,6,478,99
54,6,479,99
54,6,480,99
54,6,481,99
54,6,482,99
54,6,483,99
54,6,484,99
54,6,485,99
54,6,486,99
54,6,487,99
54,6,488,99
54,6,489,99
54,6,490,99
54,6,491,99
54,6,492,99
54,6,493,99
54,6,494,99
54,6,495,99
54,6,496,99
54,6,497,99
54,6,498,99
54,6,499,99
54,7,0,1
54,7,1,14
54,7,2,34
54,7,3,58
54,7,4,83
54,7,5,95
54,7,6,98
54,7,7,99
54,7,8,99
54,7,9,99
54,7,10,99
54,7,11,99
54,7,12,99
54,7,13,99
54,7,14,99
54,7,15,99
54,7,16,99
54,7,17,99
54,7,18,99
54,7,19,99
54,7,20,99
54,7,21,99
54,7,22,99
54,7,23,99
54,7,24,99
54,7,25,99
54,7,26,99
54,7,27,99
54,7,28,99
54,7,29,99
54,7,30,99
54,7,31,99
54,7,32,99
54,7,33,99
54,7,34,99
54,7,35,99
54,7,36,99
54,7,37,99
54,7,38,99
54,7,39,99
54,7,40,99
54,7,41,99
54,7,42,99
54,7,43,99
54,7,44,99
54,7,45,99
54,7,46,99
54,7,47,99
54,7,48,99
54,7,49,99
54,7,50,99
54,7,51,99
54,7,52,99
54,7,53,99
54,7,54,99
54,7,55,99
54,7,56,99
54,7,57,99
54,7,58,99
54,7,59,99
54,7,60,99
54,7,61,99
54,7,62,99
54,7,63,99
54,7,64,99
54,7,65,99
54,7,66,99
54,7,67,99
54,7,68,99
54,7,69,99
54,7,70,99
54,7,71,99
54,7,72,99
54,7,73,99
54,7,74,99
54,7,75,99
54,7,76,99
54,7,77,99
54,7,78,99
54,7,79,99
54,7,80,99
54,7,81,99
54,7,82,99
54,7,83,99
54,7,84,99
54,7,85,99
54,7,86,99
54,7,87,99
54,7,88,99
54,7,89,99
54,7,90,99
54,7,91,99
54,7,92,99
54,7,93,99
54,7,94,99
54,7,95,99
54,7,96,99
54,7,97,99
54,7,98,99
54,7,99,99
54,7,100,99
54,7,101,99
54,7,102,99
54,7,103,99
54,7,104,99
54,7,105,99
54,7,106,99
54,7,107,99
54,7,108,99
54,7,109,99
54,7,110,99
54,7,111,99
54,7,112,99
54,7,113,99
54,7,114,99
54,7,115,99
54,7,116,99
54,7,117,99
54,7,118,99
54,7,119,99
54,7,120,99
54,7,121,99
54,7,122,99
54,7,123,99
54,7,124,99
54,7,125,99
54,7,126,99
54,7,127,99
54,7,128,99
54,7,129,99
54,7,130,99
54,7,131,99
54,7,132,99
54,7,133,99
54,7,134,99
54,7,135,99
54,7,136,99
54,7,137,99
54,7,138,99
54,7,139,99
54,7,140,99
54,7,141,99
54,7,142,99
54,7,143,99
54,7,144,99
54,7,145,99
54,7,146,99
54,7,147,99
54,7,148,99
54,7,149,99
54,7,150,99
54,7,151,99
54,7,152,99
54,7,153,99
54,7,154,99
54,7,155,99
54,7,156,99
54,7,157,99
54,7,158,99
54,7,159,99
54,7,160,99
54,7,161,99
54,7,162,99
54,7,163,99
54,7,164,99
54,7,165,99
54,7,166,99
54,7,167,99
54,7,168,99
54,7,169,99
54,7,170,99
54,7,171,99
54,7,172,99
54,7,173,99
54,7,174,99
54,7,175,99
54,7,176,99
54,7,177,99
54,7,178,99
54,7,179,99
54,7,180,99
54,7,181,99
54,7,182,99
54,7,183,99
54,7,184,99
54,7,185,99
54,7,186,99
54,7,187,99
54,7,188,99
54,7,189,99
54,7,190,99
54,7,191,99
54,7,192,99
54,7,193,99
54,7,194,99
54,7,195,99
54,7,196,99
54,7,197,99
54,7,198,99
54,7,199,99
54,7,200,99
54,7,201,99
54,7,202,99
54,7,203,99
54,7,204,99
54,7,205,99
54,7,206,99
54,7,207,99
54,7,208,99
54,7,209,99
54,7,210,99
54,7,211,99
54,7,212,99
54,7,213,99
54,7,214,99
54,7,215,99
54,7,216,99
54,7,217,99
54,7,218,99
54,7,219,99
54,7,220,99
54,7,221,99
54,7,222,99
54,7,223,99
54,7,224,99
54,7,225,99
54,7,226,99
54,7,227,99
54,7,228,99
54,7,229,99
54,7,230,99
54,7,231,99
54,7,232,99
54,7,233,99
54,7,234,99
54,7,235,99
54,7,236,99
54,7,237,99
54,7,238,99
54,7,239,99
54,7,240,99
54,7,241,99
54,7,242,99
54,7,243,99
54,7,244,99
54,7,245,99
54,7,246,99
54,7,247,99
54,7,248,99
54,7,249,99
54,7,250,99
54,7,251,99
54,7,252,99
54,7,253,99
54,7,254,99
54,7,255,99
54,7,256,99
54,7,257,99
54,7,258,99
54,7,259,99
54,7,260,99
54,7,261,99
54,7,262,99
54,7,263,99
54,7,264,99
54,7,265,99
54,7,266,99
54,7,267,99
54,7,268,99
54,7,269,99
54,7,270,99
54,7,271,99
54,7,272,99
54,7,273,99
54,7,274,99
54,7,275,99
54,7,276,99
54,7,277,99
54,7,278,99
54,7,279,99
54,7,280,99
54,7,281,99
54,7,282,99
54,7,283,99
54,7,284,99
54,7,285,99
54,7,286,99
54,7,287,99
54,7,288,99
54,7,289,99
54,7,290,99
54,7,291,99
54,7,292,99
54,7,293,99
54,7,294,99
54,7,295,99
54,7,296,99
54,7,297,99
54,7,298,99
54,7,299,99
54,7,300,99
54,7,301,99
54,7,302,99
54,7,303,99
54,7,304,99
54,7,305,99
54,7,306,99
54,7,307,99
54,7,308,99
54,7,309,99
54,7,310,99
54,7,311,99
54,7,312,99
54,7,313,99
54,7,314,99
54,7,315,99
54,7,316,99
54,7,317,99
54,7,318,99
54,7,319,99
54,7,320,99
54,7,321,99
54,7,322,99
54,7,323,99
54,7,324,99
54,7,325,99
54,7,326,99
54,7,327,99
54,7,328,99
54,7,329,99
54,7,330,99
54,7,331,99
54,7,332,99
54,7,333,99
54,7,334,99
54,7,335,99
54,7,336,99
54,7,337,99
54,7,338,99
54,7,339,99
54,7,340,99
54,7,341,99
54,7,342,99
54,7,343,99
54,7,344,99
54,7,345,99
54,7,346,99
54,7,347,99
54,7,348,99
54,7,349,99
54,7,350,99
54,7,351,99
54,7,352,99
54,7,353,99
54,7,354,99
54,7,355,99
54,7,356,99
54,7,357,99
54,7,358,99
54,7,359,99
54,7,360,99
54,7,361,99
54,7,362,99
54,7,363,99
54,7,364,99
54,7,365,99
54,7,366,99
54,7,367,99
54,7,368,99
54,7,369,99
54,7,370,99
54,7,371,99
54,7,372,99
54,7,373,99
54,7,374,99
54,7,375,99
54,7,376,99
54,7,377,99
54,7,378,99
54,7,379,99
54,7,380,99
54,7,381,99
54,7,382,99
54,7,383,99
54,7,384,99
54,7,385,99
54,7,386,99
54,7,387,99
54,7,388,99
54,7,389,99
54,7,390,99
54,7,391,99
54,7,392,99
54,7,393,99
54,7,394,99
54,7,395,99
54,7,396,99
54,7,397,99
54,7,398,99
54,7,399,99
54,7,400,99
54,7,401,99
54,7,402,99
54,7,403,99
54,7,404,99
54,7,405,99
54,7,406,99
54,7,407,99
54,7,408,99
54,7,409,99
54,7,410,99
54,7,411,99
54,7,412,99
54,7,413,99
54,7,414,99
54,7,415,99
54,7,416,99
54,7,417,99
54,7,418,99
54,7,419,99
54,7,420,99
54,7,421,99
54,7,422,99
54,7,423,99
54,7,424,99
54,7,425,99
54,7,426,99
54,7,427,99
54,7,428,99
54,7,429,99
54,7,430,99
54,7,431,99
54,7,432,99
54,7,433,99
54,7,434,99
54,7,435,99
54,7,436,99
54,7,437,99
54,7,438,99
54,7,439,99
54,7,440,99
54,7,441,99
54,7,442,99
54,7,443,99
54,7,444,99
54,7,445,99
54,7,446,99
54,7,447,99
54,7,448,99
54,7,449,99
54,7,450,99
54,7,451,99
54,7,452,99
54,7,453,99
54,7,454,99
54,7,455,99
54,7,456,99
54,7,457,99
54,7,458,99
54,7,459,99
54,7,460,99
54,7,461,99
54,7,462,99
54,7,463,99
54,7,464,99
54,7,465,99
54,7,466,99
54,7,467,99
54,7,468,99
54,7,469,99
54,7,470,99
54,7,471,99
54,7,472,99
54,7,473,99
54,7,474,99
54,7,475,99
54,7,476,99
54,7,477,99
54,7,478,99
54,7,479,99
54,7,480,99
54,7,481,99
54,7,482,99
54,7,483,99
54,7,484,99
54,7,485,99
54,7,486,99
54,7,487,99
54,7,488,99
54,7,489,99
54,7,490,99
54,7,491,99
54,7,492,99
54,7,493,99
54,7,494,99
54,7,495,99
54,7,496,99
54,7,497,99
54,7,498,99
54,7,499,99
54,8,0,1
54,8,1,5
54,8,2,12
54,8,3,18
54,8,4,31
54,8,5,59
54,8,6,80
54,8,7,95
54,8,8,99
54,8,9,99
54,8,10,99
54,8,11,99
54,8,12,99
54,8,13,99
54,8,14,99
54,8,15,99
54,8,16,99
54,8,17,99
54,8,18,99
54,8,19,99
54,8,20,99
54,8,21,99
54,8,22,99
54,8,23,99
54,8,24,99
54,8,25,99
54,8,26,99
54,8,27,99
54,8,28,99
54,8,29,99
54,8,30,99
54,8,31,99
54,8,32,99
54,8,33,99
54,8,34,99
54,8,35,99
54,8,36,99
54,8,37,99
54,8,38,99
54,8,39,99
54,8,40,99
54,8,41,99
54,8,42,99
54,8,43,99
54,8,44,99
54,8,45,99
54,8,46,99
54,8,47,99
54,8,48,99
54,8,49,99
54,8,50,99
54,8,51,99
54,8,52,99
54,8,53,99
54,8,54,99
54,8,55,99
54,8,56,99
54,8,57,99
54,8,58,99
54,8,59,99
54,8,60,99
54,8,61,99
54,8,62,99
54,8,63,99
54,8,64,99
54,8,65,99
54,8,66,99
54,8,67,99
54,8,68,99
54,8,69,99
54,8,70,99
54,8,71,99
54,8,72,99
54,8,73,99
54,8,74,99
54,8,75,99
54,8,76,99
54,8,77,99
54,8,78,99
54,8,79,99
54,8,80,99
54,8,81,99
54,8,82,99
54,8,83,99
54,8,84,99
54,8,85,99
54,8,86,99
54,8,87,99
54,8,88,99
54,8,89,99
54,8,90,99
54,8,91,99
54,8,92,99
54,8,93,99
54,8,94,99
54,8,95,99
54,8,96,99
54,8,97,99
54,8,98,99
54,8,99,99
54,8,100,99
54,8,101,99
54,8,102,99
54,8,103,99
54,8,104,99
54,8,105,99
54,8,106,99
54,8,107,99
54,8,108,99
54,8,109,99
54,8,110,99
54,8,111,99
54,8,112,99
54,8,113,99
54,8,114,99
54,8,115,99
54,8,116,99
54,8,117,99
54,8,118,99
54,8,119,99
54,8,120,99
54,8,121,99
54,8,122,99
54,8,123,99
54,8,124,99
54,8,125,99
54,8,126,99
54,8,127,99
54,8,128,99
54,8,129,99
54,8,130,99
54,8,131,99
54,8,132,99
54,8,133,99
54,8,134,99
54,8,135,99
54,8,136,99
54,8,137,99
54,8,138,99
54,8,139,99
54,8,140,99
54,8,141,99
54,8,142,99
54,8,143,99
54,8,144,99
54,8,145,99
54,8,146,99
54,8,147,99
54,8,148,99
54,8,149,99
54,8,150,99
54,8,151,99
54,8,152,99
54,8,153,99
54,8,154,99
54,8,155,99
54,8,156,99
54,8,157,99
54,8,158,99
54,8,159,99
54,8,160,99
54,8,161,99
54,8,162,99
54,8,163,99
54,8,164,99
54,8,165,99
54,8,166,99
54,8,167,99
54,8,168,99
54,8,169,99
54,8,170,99
54,8,171,99
54,8,172,99
54,8,173,99
54,8,174,99
54,8,175,99
54,8,176,99
54,8,177,99
54,8,178,99
54,8,179,99
54,8,180,99
54,8,181,99
54,8,182,99
54,8,183,99
54,8,184,99
54,8,185,99
54,8,186,99
54,8,187,99
54,8,188,99
54,8,189,99
54,8,190,99
54,8,191,99
54,8,192,99
54,8,193,99
54,8,194,99
54,8,195,99
54,8,196,99
54,8,197,99
54,8,198,99
54,8,199,99
54,8,200,99
54,8,201,99
54,8,202,99
54,8,203,99
54,8,204,99
54,8,205,99
54,8,206,99
54,8,207,99
54,8,208,99
54,8,209,99
54,8,210,99
54,8,211,99
54,8,212,99
54,8,213,99
54,8,214,99
54,8,215,99
54,8,216,99
54,8,217,99
54,8,218,99
54,8,219,99
54,8,220,99
54,8,221,99
54,8,222,99
54,8,223,99
54,8,224,99
54,8,225,99
54,8,226,99
54,8,227,99
54,8,228,99
54,8,229,99
54,8,230,99
54,8,231,99
54,8,232,99
54,8,233,99
54,8,234,99
54,8,235,99
54,8,236,99
54,8,237,99
54,8,238,99
54,8,239,99
54,8,240,99
54,8,241,99
54,8,242,99
54,8,243,99
54,8,244,99
54,8,245,99
54,8,246,99
54,8,247,99
54,8,248,99
54,8,249,99
54,8,250,99
54,8,251,99
54,8,252,99
54,8,253,99
54,8,254,99
54,8,255,99
54,8,256,99
54,8,257,99
54,8,258,99
54,8,259,99
54,8,260,99
54,8,261,99
54,8,262,99
54,8,263,99
54,8,264,99
54,8,265,99
54,8,266,99
54,8,267,99
54,8,268,99
54,8,269,99
54,8,270,99
54,8,271,99
54,8,272,99
54,8,273,99
54,8,274,99
54,8,275,99
54,8,276,99
54,8,277,99
54,8,278,99
54,8,279,99
54,8,280,99
54,8,281,99
54,8,282,99
54,8,283,99
54,8,284,99
54,8,285,99
54,8,286,99
54,8,287,99
54,8,288,99
54,8,289,99
54,8,290,99
54,8,291,99
54,8,292,99
54,8,293,99
54,8,294,99
54,8,295,99
54,8,296,99
54,8,297,99
54,8,298,99
54,8,299,99
54,8,300,99
54,8,301,99
54,8,302,99
54,8,303,99
54,8,304,99
54,8,305,99
54,8,306,99
54,8,307,99
54,8,308,99
54,8,309,99
54,8,310,99
54,8,311,99
54,8,312,99
54,8,313,99
54,8,314,99
54,8,315,99
54,8,316,99
54,8,317,99
54,8,318,99
54,8,319,99
54,8,320,99
54,8,321,99
54,8,322,99
54,8,323,99
54,8,324,99
54,8,325,99
54,8,326,99
54,8,327,99
54,8,328,99
54,8,329,99
54,8,330,99
54,8,331,99
54,8,332,99
54,8,333,99
54,8,334,99
54,8,335,99
54,8,336,99
54,8,337,99
54,8,338,99
54,8,339,99
54,8,340,99
54,8,341,99
54,8,342,99
54,8,343,99
54,8,344,99
54,8,345,99
54,8,346,99
54,8,347,99
54,8,348,99
54,8,349,99
54,8,350,99
54,8,351,99
54,8,352,99
54,8,353,99
54,8,354,99
54,8,355,99
54,8,356,99
54,8,357,99
54,8,358,99
54,8,359,99
54,8,360,99
54,8,361,99
54,8,362,99
54,8,363,99
54,8,364,99
54,8,365,99
54,8,366,99
54,8,367,99
54,8,368,99
54,8,369,99
54,8,370,99
54,8,371,99
54,8,372,99
54,8,373,99
54,8,374,99
54,8,375,99
54,8,376,99
54,8,377,99
54,8,378,99
54,8,379,99
54,8,380,99
54,8,381,99
54,8,382,99
54,8,383,99
54,8,384,99
54,8,385,99
54,8,386,99
54,8,387,99
54,8,388,99
54,8,389,99
54,8,390,99
54,8,391,99
54,8,392,99
54,8,393,99
54,8,394,99
54,8,395,99
54,8,396,99
54,8,397,99
54,8,398,99
54,8,399,99
54,8,400,99
54,8,401,99
54,8,402,99
54,8,403,99
54,8,404,99
54,8,405,99
54,8,406,99
54,8,407,99
54,8,408,99
54,8,409,99
54,8,410,99
54,8,411,99
54,8,412,99
54,8,413,99
54,8,414,99
54,8,415,99
54,8,416,99
54,8,417,99
54,8,418,99
54,8,419,99
54,8,420,99
54,8,421,99
54,8,422,99
54,8,423,99
54,8,424,99
54,8,425,99
54,8,426,99
54,8,427,99
54,8,428,99
54,8,429,99
54,8,430,99
54,8,431,99
54,8,432,99
54,8,433,99
54,8,434,99
54,8,435,99
54,8,436,99
54,8,437,99
54,8,438,99
54,8,439,99
54,8,440,99
54,8,441,99
54,8,442,99
54,8,443,99
54,8,444,99
54,8,445,99
54,8,446,99
54,8,447,99
54,8,448,99
54,8,449,99
54,8,450,99
54,8,451,99
54,8,452,99
54,8,453,99
54,8,454,99
54,8,455,99
54,8,456,99
54,8,457,99
54,8,458,99
54,8,459,99
54,8,460,99
54,8,461,99
54,8,462,99
54,8,463,99
54,8,464,99
54,8,465,99
54,8,466,99
54,8,467,99
54,8,468,99
54,8,469,99
54,8,470,99
54,8,471,99
54,8,472,99
54,8,473,99
54,8,474,99
54,8,475,99
54,8,476,99
54,8,477,99
54,8,478,99
54,8,479,99
54,8,480,99
54,8,481,99
54,8,482,99
54,8,483,99
54,8,484,99
54,8,485,99
54,8,486,99
54,8,487,99
54,8,488,99
54,8,489,99
54,8,490,99
54,8,491,99
54,8,492,99
54,8,493,99
54,8,494,99
54,8,495,99
54,8,496,99
54,8,497,99
54,8,498,99
54,8,499,99
54,9,0,1
54,9,1,10
54,9,2,26
54,9,3,42
54,9,4,58
54,9,5,71
54,9,6,88
54,9,7,99
54,9,8,99
54,9,9,99
54,9,10,99
54,9,11,99
54,9,12,99
54,9,13,99
54,9,14,99
54,9,15,99
54,9,16,99
54,9,17,99
54,9,18,99
54,9,19,99
54,9,20,99
54,9,21,99
54,9,22,99
54,9,23,99
54,9,24,99
54,9,25,99
54,9,26,99
54,9,27,99
54,9,28,99
54,9,29,99
54,9,30,99
54,9,31,99
54,9,32,99
54,9,33,99
54,9,34,99
54,9,35,99
54,9,36,99
54,9,37,99
54,9,38,99
54,9,39,99
54,9,40,99
54,9,41,99
54,9,42,99
54,9,43,99
54,9,44,99
54,9,45,99
54,9,46,99
54,9,47,99
54,9,48,99
54,9,49,99
54,9,50,99
54,9,51,99
54,9,52,99
54,9,53,99
54,9,54,99
54,9,55,99
54,9,56,99
54,9,57,99
54,9,58,99
54,9,59,99
54,9,60,99
54,9,61,99
54,9,62,99
54,9,63,99
54,9,64,99
54,9,65,99
54,9,66,99
54,9,67,99
54,9,68,99
54,9,69,99
54,9,70,99
54,9,71,99
54,9,72,99
54,9,73,99
54,9,74,99
54,9,75,99
54,9,76,99
54,9,77,99
54,9,78,99
54,9,79,99
54,9,80,99
54,9,81,99
54,9,82,99
54,9,83,99
54,9,84,99
54,9,85,99
54,9,86,99
54,9,87,99
54,9,88,99
54,9,89,99
54,9,90,99
54,9,91,99
54,9,92,99
54,9,93,99
54,9,94,99
54,9,95,99
54,9,96,99
54,9,97,99
54,9,98,99
54,9,99,99
54,9,100,99
54,9,101,99
54,9,102,99
54,9,103,99
54,9,104,99
54,9,105,99
54,9,106,99
54,9,107,99
54,9,108,99
54,9,109,99
54,9,110,99
54,9,111,99
54,9,112,99
54,9,113,99
54,9,114,99
54,9,115,99
54,9,116,99
54,9,117,99
54,9,118,99
54,9,119,99
54,9,120,99
54,9,121,99
54,9,122,99
54,9,123,99
54,9,124,99
54,9,125,99
54,9,126,99
54,9,127,99
54,9,128,99
54,9,129,99
54,9,130,99
54,9,131,99
54,9,132,99
54,9,133,99
54,9,134,99
54,9,135,99
54,9,136,99
54,9,137,99
54,9,138,99
54,9,139,99
54,9,140,99
54,9,141,99
54,9,142,99
54,9,143,99
54,9,144,99
54,9,145,99
54,9,146,99
54,9,147,99
54,9,148,99
54,9,149,99
54,9,150,99
54,9,151,99
54,9,152,99
54,9,153,99
54,9,154,99
54,9,155,99
54,9,156,99
54,9,157,99
54,9,158,99
54,9,159,99
54,9,160,99
54,9,161,99
54,9,162,99
54,9,163,99
54,9,164,99
54,9,165,99
54,9,166,99
54,9,167,99
54,9,168,99
54,9,169,99
54,9,170,99
54,9,171,99
54,9,172,99
54,9,173,99
54,9,174,99
54,9,175,99
54,9,176,99
54,9,177,99
54,9,178,99
54,9,179,99
54,9,180,99
54,9,181,99
54,9,182,99
54,9,183,99
54,9,184,99
54,9,185,99
54,9,186,99
54,9,187,99
54,9,188,99
54,9,189,99
54,9,190,99
54,9,191,99
54,9,192,99
54,9,193,99
54,9,194,99
54,9,195,99
54,9,196,99
54,9,197,99
54,9,198,99
54,9,199,99
54,9,200,99
54,9,201,99
54,9,202,99
54,9,203,99
54,9,204,99
54,9,205,99
54,9,206,99
54,9,207,99
54,9,208,99
54,9,209,99
54,9,210,99
54,9,211,99
54,9,212,99
54,9,213,99
54,9,214,99
54,9,215,99
54,9,216,99
54,9,217,99
54,9,218,99
54,9,219,99
54,9,220,99
54,9,221,99
54,9,222,99
54,9,223,99
54,9,224,99
54,9,225,99
54,9,226,99
54,9,227,99
54,9,228,99
54,9,229,99
54,9,230,99
54,9,231,99
54,9,232,99
54,9,233,99
54,9,234,99
54,9,235,99
54,9,236,99
54,9,237,99
54,9,238,99
54,9,239,99
54,9,240,99
54,9,241,99
54,9,242,99
54,9,243,99
54,9,244,99
54,9,245,99
54,9,246,99
54,9,247,99
54,9,248,99
54,9,249,99
54,9,250,99
54,9,251,99
54,9,252,99
54,9,253,99
54,9,254,99
54,9,255,99
54,9,256,99
54,9,257,99
54,9,258,99
54,9,259,99
54,9,260,99
54,9,261,99
54,9,262,99
54,9,263,99
54,9,264,99
54,9,265,99
54,9,266,99
54,9,267,99
54,9,268,99
54,9,269,99
54,9,270,99
54,9,271,99
54,9,272,99
54,9,273,99
54,9,274,99
54,9,275,99
54,9,276,99
54,9,277,99
54,9,278,99
54,9,279,99
54,9,280,99
54,9,281,99
54,9,282,99
54,9,283,99
54,9,284,99
54,9,285,99
54,9,286,99
54,9,287,99
54,9,288,99
54,9,289,99
54,9,290,99
54,9,291,99
54,9,292,99
54,9,293,99
54,9,294,99
54,9,295,99
54,9,296,99
54,9,297,99
54,9,298,99
54,9,299,99
54,9,300,99
54,9,301,99
54,9,302,99
54,9,303,99
54,9,304,99
54,9,305,99
54,9,306,99
54,9,307,99
54,9,308,99
54,9,309,99
54,9,310,99
54,9,311,99
54,9,312,99
54,9,313,99
54,9,314,99
54,9,315,99
54,9,316,99
54,9,317,99
54,9,318,99
54,9,319,99
54,9,320,99
54,9,321,99
54,9,322,99
54,9,323,99
54,9,324,99
54,9,325,99
54,9,326,99
54,9,327,99
54,9,328,99
54,9,329,99
54,9,330,99
54,9,331,99
54,9,332,99
54,9,333,99
54,9,334,99
54,9,335,99
54,9,336,99
54,9,337,99
54,9,338,99
54,9,339,99
54,9,340,99
54,9,341,99
54,9,342,99
54,9,343,99
54,9,344,99
54,9,345,99
54,9,346,99
54,9,347,99
54,9,348,99
54,9,349,99
54,9,350,99
54,9,351,99
54,9,352,99
54,9,353,99
54,9,354,99
54,9,355,99
54,9,356,99
54,9,357,99
54,9,358,99
54,9,359,99
54,9,360,99
54,9,361,99
54,9,362,99
54,9,363,99
54,9,364,99
54,9,365,99
54,9,366,99
54,9,367,99
54,9,368,99
54,9,369,99
54,9,370,99
54,9,371,99
54,9,372,99
54,9,373,99
54,9,374,99
54,9,375,99
54,9,376,99
54,9,377,99
54,9,378,99
54,9,379,99
54,9,380,99
54,9,381,99
54,9,382,99
54,9,383,99
54,9,384,99
54,9,385,99
54,9,386,99
54,9,387,99
54,9,388,99
54,9,389,99
54,9,390,99
54,9,391,99
54,9,392,99
54,9,393,99
54,9,394,99
54,9,395,99
54,9,396,99
54,9,397,99
54,9,398,99
54,9,399,99
54,9,400,99
54,9,401,99
54,9,402,99
54,9,403,99
54,9,404,99
54,9,405,99
54,9,406,99
54,9,407,99
54,9,408,99
54,9,409,99
54,9,410,99
54,9,411,99
54,9,412,99
54,9,413,99
54,9,414,99
54,9,415,99
54,9,416,99
54,9,417,99
54,9,418,99
54,9,419,99
54,9,420,99
54,9,421,99
54,9,422,99
54,9,423,99
54,9,424,99
54,9,425,99
54,9,426,99
54,9,427,99
54,9,428,99
54,9,429,99
54,9,430,99
54,9,431,99
54,9,432,99
54,9,433,99
54,9,434,99
54,9,435,99
54,9,436,99
54,9,437,99
54,9,438,99
54,9,439,99
54,9,440,99
54,9,441,99
54,9,442,99
54,9,443,99
54,9,444,99
54,9,445,99
54,9,446,99
54,9,447,99
54,9,448,99
54,9,449,99
54,9,450,99
54,9,451,99
54,9,452,99
54,9,453,99
54,9,454,99
54,9,455,99
54,9,456,99
54,9,457,99
54,9,458,99
54,9,459,99
54,9,460,99
54,9,461,99
54,9,462,99
54,9,463,99
54,9,464,99
54,9,465,99
54,9,466,99
54,9,467,99
54,9,468,99
54,9,469,99
54,9,470,99
54,9,471,99
54,9,472,99
54,9,473,99
54,9,474,99
54,9,475,99
54,9,476,99
54,9,477,99
54,9,478,99
54,9,479,99
54,9,480,99
54,9,481,99
54,9,482,99
54,9,483,99
54,9,484,99
54,9,485,99
54,9,486,99
54,9,487,99
54,9,488,99
54,9,489,99
54,9,490,99
54,9,491,99
54,9,492,99
54,9,493,99
54,9,494,99
54,9,495,99
54,9,496,99
54,9,497,99
54,9,498,99
54,9,499,99
54,10,0,1
54,10,1,13
54,10,2,34
54,10,3,55
54,10,4,81
54,10,5,97
54,10,6,99
54,10,7,99
54,10,8,99
54,10,9,99
54,10,10,99
54,10,11,99
54,10,12,99
54,10,13,99
54,10,14,99
54,10,15,99
54,10,16,99
54,10,17,99
54,10,18,99
54,10,19,99
54,10,20,99
54,10,21,99
54,10,22,99
54,10,23,99
54,10,24,99
54,10,25,99
54,10,26,99
54,10,27,99
54,10,28,99
54,10,29,99
54,10,30,99
54,10,31,99
54,10,32,99
54,10,33,99
54,10,34,99
54,10,35,99
54,10,36,99
54,10,37,99
54,10,38,99
54,10,39,99
54,10,40,99
54,10,41,99
54,10,42,99
54,10,43,99
54,10,44,99
54,10,45,99
54,10,46,99
54,10,47,99
54,10,48,99
54,10,49,99
54,10,50,99
54,10,51,99
54,10,52,99
54,10,53,99
54,10,54,99
54,10,55,99
54,10,56,99
54,10,57,99
54,10,58,99
54,10,59,99
54,10,60,99
54,10,61,99
54,10,62,99
54,10,63,99
54,10,64,99
54,10,65,99
54,10,66,99
54,10,67,99
54,10,68,99
54,10,69,99
54,10,70,99
54,10,71,99
54,10,72,99
54,10,73,99
54,10,74,99
54,10,75,99
54,10,76,99
54,10,77,99
54,10,78,99
54,10,79,99
54,10,80,99
54,10,81,99
54,10,82,99
54,10,83,99
54,10,84,99
54,10,85,99
54,10,86,99
54,10,87,99
54,10,88,99
54,10,89,99
54,10,90,99
54,10,91,99
54,10,92,99
54,10,93,99
54,10,94,99
54,10,95,99
54,10,96,99
54,10,97,99
54,10,98,99
54,10,99,99
54,10,100,99
54,10,101,99
54,10,102,99
54,10,103,99
54,10,104,99
54,10,105,99
54,10,106,99
54,10,107,99
54,10,108,99
54,10,109,99
54,10,110,99
54,10,111,99
54,10,112,99
54,10,113,99
54,10,114,99
54,10,115,99
54,10,116,99
54,10,117,99
54,10,118,99
54,10,119,99
54,10,120,99
54,10,121,99
54,10,122,99
54,10,123,99
54,10,124,99
54,10,125,99
54,10,126,99
54,10,127,99
54,10,128,99
54,10,129,99
54,10,130,99
54,10,131,99
54,10,132,99
54,10,133,99
54,10,134,99
54,10,135,99
54,10,136,99
54,10,137,99
54,10,138,99
54,10,139,99
54,10,140,99
54,10,141,99
54,10,142,99
54,10,143,99
54,10,144,99
54,10,145,99
54,10,146,99
54,10,147,99
54,10,148,99
54,10,149,99
54,10,150,99
54,10,151,99
54,10,152,99
54,10,153,99
54,10,154,99
54,10,155,99
54,10,156,99
54,10,157,99
54,10,158,99
54,10,159,99
54,10,160,99
54,10,161,99
54,10,162,99
54,10,163,99
54,10,164,99
54,10,165,99
54,10,166,99
54,10,167,99
54,10,168,99
54,10,169,99
54,10,170,99
54,10,171,99
54,10,172,99
54,10,173,99
54,10,174,99
54,10,175,99
54,10,176,99
54,10,177,99
54,10,178,99
54,10,179,99
54,10,180,99
54,10,181,99
54,10,182,99
54,10,183,99
54,10,184,99
54,10,185,99
54,10,186,99
54,10,187,99
54,10,188,99
54,10,189,99
54,10,190,99
54,10,191,99
54,10,192,99
54,10,193,99
54,10,194,99
54,10,195,99
54,10,196,99
54,10,197,99
54,10,198,99
54,10,199,99
54,10,200,99
54,10,201,99
54,10,202,99
54,10,203,99
54,10,204,99
54,10,205,99
54,10,206,99
54,10,207,99
54,10,208,99
54,10,209,99
54,10,210,99
54,10,211,99
54,10,212,99
54,10,213,99
54,10,214,99
54,10,215,99
54,10,216,99
54,10,217,99
54,10,218,99
54,10,219,99
54,10,220,99
54,10,221,99
54,10,222,99
54,10,223,99
54,10,224,99
54,10,225,99
54,10,226,99
54,10,227,99
54,10,228,99
54,10,229,99
54,10,230,99
54,10,231,99
54,10,232,99
54,10,233,99
54,10,234,99
54,10,235,99
54,10,236,99
54,10,237,99
54,10,238,99
54,10,239,99
54,10,240,99
54,10,241,99
54,10,242,99
54,10,243,99
54,10,244,99
54,10,245,99
54,10,246,99
54,10,247,99
54,10,248,99
54,10,249,99
54,10,250,99
54,10,251,99
54,10,252,99
54,10,253,99
54,10,254,99
54,10,255,99
54,10,256,99
54,10,257,99
54,10,258,99
54,10,259,99
54,10,260,99
54,10,261,99
54,10,262,99
54,10,263,99
54,10,264,99
54,10,265,99
54,10,266,99
54,10,267,99
54,10,268,99
54,10,269,99
54,10,270,99
54,10,271,99
54,10,272,99
54,10,273,99
54,10,274,99
54,10,275,99
54,10,276,99
54,10,277,99
54,10,278,99
54,10,279,99
54,10,280,99
54,10,281,99
54,10,282,99
54,10,283,99
54,10,284,99
54,10,285,99
54,10,286,99
54,10,287,99
54,10,288,99
54,10,289,99
54,10,290,99
54,10,291,99
54,10,292,99
54,10,293,99
54,10,294,99
54,10,295,99
54,10,296,99
54,10,297,99
54,10,298,99
54,10,299,99
54,10,300,99
54,10,301,99
54,10,302,99
54,10,303,99
54,10,304,99
54,10,305,99
54,10,306,99
54,10,307,99
54,10,308,99
54,10,309,99
54,10,310,99
54,10,311,99
54,10,312,99
54,10,313,99
54,10,314,99
54,10,315,99
54,10,316,99
54,10,317,99
54,10,318,99
54,10,319,99
54,10,320,99
54,10,321,99
54,10,322,99
54,10,323,99
54,10,324,99
54,10,325,99
54,10,326,99
54,10,327,99
54,10,328,99
54,10,329,99
54,10,330,99
54,10,331,99
54,10,332,99
54,10,333,99
54,10,334,99
54,10,335,99
54,10,336,99
54,10,337,99
54,10,338,99
54,10,339,99
54,10,340,99
54,10,341,99
54,10,342,99
54,10,343,99
54,10,344,99
54,10,345,99
54,10,346,99
54,10,347,99
54,10,348,99
54,10,349,99
54,10,350,99
54,10,351,99
54,10,352,99
54,10,353,99
54,10,354,99
54,10,355,99
54,10,356,99
54,10,357,99
54,10,358,99
54,10,359,99
54,10,360,99
54,10,361,99
54,10,362,99
54,10,363,99
54,10,364,99
54,10,365,99
54,10,366,99
54,10,367,99
54,10,368,99
54,10,369,99
54,10,370,99
54,10,371,99
54,10,372,99
54,10,373,99
54,10,374,99
54,10,375,99
54,10,376,99
54,10,377,99
54,10,378,99
54,10,379,99
54,10,380,99
54,10,381,99
54,10,382,99
54,10,383,99
54,10,384,99
54,10,385,99
54,10,386,99
54,10,387,99
54,10,388,99
54,10,389,99
54,10,390,99
54,10,391,99
54,10,392,99
54,10,393,99
54,10,394,99
54,10,395,99
54,10,396,99
54,10,397,99
54,10,398,99
54,10,399,99
54,10,400,99
54,10,401,99
54,10,402,99
54,10,403,99
54,10,404,99
54,10,405,99
54,10,406,99
54,10,407,99
54,10,408,99
54,10,409,99
54,10,410,99
54,10,411,99
54,10,412,99
54,10,413,99
54,10,414,99
54,10,415,99
54,10,416,99
54,10,417,99
54,10,418,99
54,10,419,99
54,10,420,99
54,10,421,99
54,10,422,99
54,10,423,99
54,10,424,99
54,10,425,99
54,10,426,99
54,10,427,99
54,10,428,99
54,10,429,99
54,10,430,99
54,10,431,99
54,10,432,99
54,10,433,99
54,10,434,99
54,10,435,99
54,10,436,99
54,10,437,99
54,10,438,99
54,10,439,99
54,10,440,99
54,10,441,99
54,10,442,99
54,10,443,99
54,10,444,99
54,10,445,99
54,10,446,99
54,10,447,99
54,10,448,99
54,10,449,99
54,10,450,99
54,10,451,99
54,10,452,99
54,10,453,99
54,10,454,99
54,10,455,99
54,10,456,99
54,10,457,99
54,10,458,99
54,10,459,99
54,10,460,99
54,10,461,99
54,10,462,99
54,10,463,99
54,10,464,99
54,10,465,99
54,10,466,99
54,10,467,99
54,10,468,99
54,10,469,99
54,10,470,99
54,10,471,99
54,10,472,99
54,10,473,99
54,10,474,99
54,10,475,99
54,10,476,99
54,10,477,99
54,10,478,99
54,10,479,99
54,10,480,99
54,10,481,99
54,10,482,99
54,10,483,99
54,10,484,99
54,10,485,99
54,10,486,99
54,10,487,99
54,10,488,99
54,10,489,99
54,10,490,99
54,10,491,99
54,10,492,99
54,10,493,99
54,10,494,99
54,10,495,99
54,10,496,99
54,10,497,99
54,10,498,99
54,10,499,99
54,11,0,1
54,11,1,8
54,11,2,18
54,11,3,37
54,11,4,58
54,11,5,82
54,11,6,96
54,11,7,99
54,11,8,99
54,11,9,99
54,11,10,99
54,11,11,99
54,11,12,99
54,11,13,99
54,11,14,99
54,11,15,99
54,11,16,99
54,11,17,99
54,11,18,99
54,11,19,99
54,11,20,99
54,11,21,99
54,11,22,99
54,11,23,99
54,11,24,99
54,11,25,99
54,11,26,99
54,11,27,99
54,11,28,99
54,11,29,99
54,11,30,99
54,11,31,99
54,11,32,99
54,11,33,99
54,11,34,99
54,11,35,99
54,11,36,99
54,11,37,99
54,11,38,99
54,11,39,99
54,11,40,99
54,11,41,99
54,11,42,99
54,11,43,99
54,11,44,99
54,11,45,99
54,11,46,99
54,11,47,99
54,11,48,99
54,11,49,99
54,11,50,99
54,11,51,99
54,11,52,99
54,11,53,99
54,11,54,99
54,11,55,99
54,11,56,99
54,11,57,99
54,11,58,99
54,11,59,99
54,11,60,99
54,11,61,99
54,11,62,99
54,11,63,99
54,11,64,99
54,11,65,99
54,11,66,99
54,11,67,99
54,11,68,99
54,11,69,99
54,11,70,99
54,11,71,99
54,11,72,99
54,11,73,99
54,11,74,99
54,11,75,99
54,11,76,99
54,11,77,99
54,11,78,99
54,11,79,99
54,11,80,99
54,11,81,99
54,11,82,99
54,11,83,99
54,11,84,99
54,11,85,99
54,11,86,99
54,11,87,99
54,11,88,99
54,11,89,99
54,11,90,99
54,11,91,99
54,11,92,99
54,11,93,99
54,11,94,99
54,11,95,99
54,11,96,99
54,11,97,99
54,11,98,99
54,11,99,99
54,11,100,99
54,11,101,99
54,11,102,99
54,11,103,99
54,11,104,99
54,11,105,99
54,11,106,99
54,11,107,99
54,11,108,99
54,11,109,99
54,11,110,99
54,11,111,99
54,11,112,99
54,11,113,99
54,11,114,99
54,11,115,99
54,11,116,99
54,11,117,99
54,11,118,99
54,11,119,99
54,11,120,99
54,11,121,99
54,11,122,99
54,11,123,99
54,11,124,99
54,11,125,99
54,11,126,99
54,11,127,99
54,11,128,99
54,11,129,99
54,11,130,99
54,11,131,99
54,11,132,99
54,11,133,99
54,11,134,99
54,11,135,99
54,11,136,99
54,11,137,99
54,11,138,99
54,11,139,99
54,11,140,99
54,11,141,99
54,11,142,99
54,11,143,99
54,11,144,99
54,11,145,99
54,11,146,99
54,11,147,99
54,11,148,99
54,11,149,99
54,11,150,99
54,11,151,99
54,11,152,99
54,11,153,99
54,11,154,99
54,11,155,99
54,11,156,99
54,11,157,99
54,11,158,99
54,11,159,99
54,11,160,99
54,11,161,99
54,11,162,99
54,11,163,99
54,11,164,99
54,11,165,99
54,11,166,99
54,11,167,99
54,11,168,99
54,11,169,99
54,11,170,99
54,11,171,99
54,11,172,99
54,11,173,99
54,11,174,99
54,11,175,99
54,11,176,99
54,11,177,99
54,11,178,99
54,11,179,99
54,11,180,99
54,11,181,99
54,11,182,99
54,11,183,99
54,11,184,99
54,11,185,99
54,11,186,99
54,11,187,99
54,11,188,99
54,11,189,99
54,11,190,99
54,11,191,99
54,11,192,99
54,11,193,99
54,11,194,99
54,11,195,99
54,11,196,99
54,11,197,99
54,11,198,99
54,11,199,99
54,11,200,99
54,11,201,99
54,11,202,99
54,11,203,99
54,11,204,99
54,11,205,99
54,11,206,99
54,11,207,99
54,11,208,99
54,11,209,99
54,11,210,99
54,11,211,99
54,11,212,99
54,11,213,99
54,11,214,99
54,11,215,99
54,11,216,99
54,11,217,99
54,11,218,99
54,11,219,99
54,11,220,99
54,11,221,99
54,11,222,99
54,11,223,99
54,11,224,99
54,11,225,99
54,11,226,99
54,11,227,99
54,11,228,99
54,11,229,99
54,11,230,99
54,11,231,99
54,11,232,99
54,11,233,99
54,11,234,99
54,11,235,99
54,11,236,99
54,11,237,99
54,11,238,99
54,11,239,99
54,11,240,99
54,11,241,99
54,11,242,99
54,11,243,99
54,11,244,99
54,11,245,99
54,11,246,99
54,11,247,99
54,11,248,99
54,11,249,99
54,11,250,99
54,11,251,99
54,11,252,99
54,11,253,99
54,11,254,99
54,11,255,99
54,11,256,99
54,11,257,99
54,11,258,99
54,11,259,99
54,11,260,99
54,11,261,99
54,11,262,99
54,11,263,99
54,11,264,99
54,11,265,99
54,11,266,99
54,11,267,99
54,11,268,99
54,11,269,99
54,11,270,99
54,11,271,99
54,11,272,99
54,11,273,99
54,11,274,99
54,11,275,99
54,11,276,99
54,11,277,99
54,11,278,99
54,11,279,99
54,11,280,99
54,11,281,99
54,11,282,99
54,11,283,99
54,11,284,99
54,11,285,99
54,11,286,99
54,11,287,99
54,11,288,99
54,11,289,99
54,11,290,99
54,11,291,99
54,11,292,99
54,11,293,99
54,11,294,99
54,11,295,99
54,11,296,99
54,11,297,99
54,11,298,99
54,11,299,99
54,11,300,99
54,11,301,99
54,11,302,99
54,11,303,99
54,11,304,99
54,11,305,99
54,11,306,99
54,11,307,99
54,11,308,99
54,11,309,99
54,11,310,99
54,11,311,99
54,11,312,99
54,11,313,99
54,11,314,99
54,11,315,99
54,11,316,99
54,11,317,99
54,11,318,99
54,11,319,99
54,11,320,99
54,11,321,99
54,11,322,99
54,11,323,99
54,11,324,99
54,11,325,99
54,11,326,99
54,11,327,99
54,11,328,99
54,11,329,99
54,11,330,99
54,11,331,99
54,11,332,99
54,11,333,99
54,11,334,99
54,11,335,99
54,11,336,99
54,11,337,99
54,11,338,99
54,11,339,99
54,11,340,99
54,11,341,99
54,11,342,99
54,11,343,99
54,11,344,99
54,11,345,99
54,11,346,99
54,11,347,99
54,11,348,99
54,11,349,99
54,11,350,99
54,11,351,99
54,11,352,99
54,11,353,99
54,11,354,99
54,11,355,99
54,11,356,99
54,11,357,99
54,11,358,99
54,11,359,99
54,11,360,99
54,11,361,99
54,11,362,99
54,11,363,99
54,11,364,99
54,11,365,99
54,11,366,99
54,11,367,99
54,11,368,99
54,11,369,99
54,11,370,99
54,11,371,99
54,11,372,99
54,11,373,99
54,11,374,99
54,11,375,99
54,11,376,99
54,11,377,99
54,11,378,99
54,11,379,99
54,11,380,99
54,11,381,99
54,11,382,99
54,11,383,99
54,11,384,99
54,11,385,99
54,11,386,99
54,11,387,99
54,11,388,99
54,11,389,99
54,11,390,99
54,11,391,99
54,11,392,99
54,11,393,99
54,11,394,99
54,11,395,99
54,11,396,99
54,11,397,99
54,11,398,99
54,11,399,99
54,11,400,99
54,11,401,99
54,11,402,99
54,11,403,99
54,11,404,99
54,11,405,99
54,11,406,99
54,11,407,99
54,11,408,99
54,11,409,99
54,11,410,99
54,11,411,99
54,11,412,99
54,11,413,99
54,11,414,99
54,11,415,99
54,11,416,99
54,11,417,99
54,11,418,99
54,11,419,99
54,11,420,99
54,11,421,99
54,11,422,99
54,11,423,99
54,11,424,99
54,11,425,99
54,11,426,99
54,11,427,99
54,11,428,99
54,11,429,99
54,11,430,99
54,11,431,99
54,11,432,99
54,11,433,99
54,11,434,99
54,11,435,99
54,11,436,99
54,11,437,99
54,11,438,99
54,11,439,99
54,11,440,99
54,11,441,99
54,11,442,99
54,11,443,99
54,11,444,99
54,11,445,99
54,11,446,99
54,11,447,99
54,11,448,99
54,11,449,99
54,11,450,99
54,11,451,99
54,11,452,99
54,11,453,99
54,11,454,99
54,11,455,99
54,11,456,99
54,11,457,99
54,11,458,99
54,11,459,99
54,11,460,99
54,11,461,99
54,11,462,99
54,11,463,99
54,11,464,99
54,11,465,99
54,11,466,99
54,11,467,99
54,11,468,99
54,11,469,99
54,11,470,99
54,11,471,99
54,11,472,99
54,11,473,99
54,11,474,99
54,11,475,99
54,11,476,99
54,11,477,99
54,11,478,99
54,11,479,99
54,11,480,99
54,11,481,99
54,11,482,99
54,11,483,99
54,11,484,99
54,11,485,99
54,11,486,99
54,11,487,99
54,11,488,99
54,11,489,99
54,11,490,99
54,11,491,99
54,11,492,99
54,11,493,99
54,11,494,99
54,11,495,99
54,11,496,99
54,11,497,99
54,11,498,99
54,11,499,99
54,12,0,1
54,12,1,8
54,12,2,22
54,12,3,44
54,12,4,68
54,12,5,89
54,12,6,94
54,12,7,94
54,12,8,94
54,12,9,94
54,12,10,94
54,12,11,94
54,12,12,94
54,12,13,94
54,12,14,94
54,12,15,94
54,12,16,94
54,12,17,94
54,12,18,94
54,12,19,94
54,12,20,94
54,12,21,94
54,12,22,94
54,12,23,94
54,12,24,94
54,12,25,94
54,12,26,94
54,12,27,94
54,12,28,94
54,12,29,94
54,12,30,94
54,12,31,94
54,12,32,94
54,12,33,94
54,12,34,94
54,12,35,94
54,12,36,94
54,12,37,94
54,12,38,94
54,12,39,94
54,12,40,94
54,12,41,94
54,12,42,94
54,12,43,94
54,12,44,94
54,12,45,94
54,12,46,94
54,12,47,94
54,12,48,94
54,12,49,94
54,12,50,94
54,12,51,94
54,12,52,94
54,12,53,94
54,12,54,94
54,12,55,94
54,12,56,94
54,12,57,94
54,12,58,94
54,12,59,94
54,12,60,94
54,12,61,94
54,12,62,94
54,12,63,94
54,12,64,94
54,12,65,94
54,12,66,94
54,12,67,94
54,12,68,94
54,12,69,94
54,12,70,94
54,12,71,94
54,12,72,94
54,12,73,94
54,12,74,94
54,12,75,94
54,12,76,94
54,12,77,94
54,12,78,94
54,12,79,94
54,12,80,94
54,12,81,94
54,12,82,94
54,12,83,94
54,12,84,94
54,12,85,94
54,12,86,94
54,12,87,94
54,12,88,94
54,12,89,94
54,12,90,94
54,12,91,94
54,12,92,94
54,12,93,94
54,12,94,94
54,12,95,94
54,12,96,94
54,12,97,94
54,12,98,94
54,12,99,94
54,12,100,94
54,12,101,94
54,12,102,94
54,12,103,94
54,12,104,94
54,12,105,94
54,12,106,94
54,12,107,94
54,12,108,94
54,12,109,94
54,12,110,94
54,12,111,94
54,12,112,94
54,12,113,94
54,12,114,94
54,12,115,94
54,12,116,94
54,12,117,94
54,12,118,94
54,12,119,94
54,12,120,94
54,12,121,94
54,12,122,94
54,12,123,94
54,12,124,94
54,12,125,94
54,12,126,94
54,12,127,94
54,12,128,94
54,12,129,94
54,12,130,94
54,12,131,94
54,12,132,94
54,12,133,94
54,12,134,94
54,12,135,94
54,12,136,94
54,12,137,94
54,12,138,94
54,12,139,94
54,12,140,94
54,12,141,94
54,12,142,94
54,12,143,94
54,12,144,94
54,12,145,94
54,12,146,94
54,12,147,94
54,12,148,94
54,12,149,94
54,12,150,94
54,12,151,94
54,12,152,94
54,12,153,94
54,12,154,94
54,12,155,94
54,12,156,94
54,12,157,94
54,12,158,94
54,12,159,94
54,12,160,94
54,12,161,94
54,12,162,94
54,12,163,94
54,12,164,94
54,12,165,94
54,12,166,94
54,12,167,94
54,12,168,94
54,12,169,94
54,12,170,94
54,12,171,94
54,12,172,94
54,12,173,94
54,12,174,94
54,12,175,94
54,12,176,94
54,12,177,94
54,12,178,94
54,12,179,94
54,12,180,94
54,12,181,94
54,12,182,94
54,12,183,94
54,12,184,94
54,12,185,94
54,12,186,94
54,12,187,94
54,12,188,94
54,12,189,94
54,12,190,94
54,12,191,94
54,12,192,94
54,12,193,94
54,12,194,94
54,12,195,94
54,12,196,94
54,12,197,94
54,12,198,94
54,12,199,94
54,12,200,94
54,12,201,94
54,12,202,94
54,12,203,94
54,12,204,94
54,12,205,94
54,12,206,94
54,12,207,94
54,12,208,94
54,12,209,94
54,12,210,94
54,12,211,94
54,12,212,94
54,12,213,94
54,12,214,94
54,12,215,94
54,12,216,94
54,12,217,94
54,12,218,94
54,12,219,94
54,12,220,94
54,12,221,94
54,12,222,94
54,12,223,94
54,12,224,94
54,12,225,94
54,12,226,94
54,12,227,94
54,12,228,94
54,12,229,94
54,12,230,94
54,12,231,94
54,12,232,94
54,12,233,94
54,12,234,94
54,12,235,94
54,12,236,94
54,12,237,94
54,12,238,94
54,12,239,94
54,12,240,94
54,12,241,94
54,12,242,94
54,12,243,94
54,12,244,94
54,12,245,94
54,12,246,94
54,12,247,94
54,12,248,94
54,12,249,94
54,12,250,94
54,12,251,94
54,12,252,94
54,12,253,94
54,12,254,94
54,12,255,94
54,12,256,94
54,12,257,94
54,12,258,94
54,12,259,94
54,12,260,94
54,12,261,94
54,12,262,94
54,12,263,94
54,12,264,94
54,12,265,94
54,12,266,94
54,12,267,94
54,12,268,94
54,12,269,94
54,12,270,94
54,12,271,94
54,12,272,94
54,12,273,94
54,12,274,94
54,12,275,94
54,12,276,94
54,12,277,94
54,12,278,94
54,12,279,94
54,12,280,94
54,12,281,94
54,12,282,94
54,12,283,94
54,12,284,94
54,12,285,94
54,12,286,94
54,12,287,94
54,12,288,94
54,12,289,94
54,12,290,94
54,12,291,94
54,12,292,94
54,12,293,94
54,12,294,94
54,12,295,94
54,12,296,94
54,12,297,94
54,12,298,94
54,12,299,94
54,12,300,94
54,12,301,94
54,12,302,94
54,12,303,94
54,12,304,94
54,12,305,94
54,12,306,94
54,12,307,94
54,12,308,94
54,12,309,94
54,12,310,94
54,12,311,94
54,12,312,94
54,12,313,94
54,12,314,94
54,12,315,94
54,12,316,94
54,12,317,94
54,12,318,94
54,12,319,94
54,12,320,94
54,12,321,94
54,12,322,94
54,12,323,94
54,12,324,94
54,12,325,94
54,12,326,94
54,12,327,94
54,12,328,94
54,12,329,94
54,12,330,94
54,12,331,94
54,12,332,94
54,12,333,94
54,12,334,94
54,12,335,94
54,12,336,94
54,12,337,94
54,12,338,94
54,12,339,94
54,12,340,94
54,12,341,94
54,12,342,94
54,12,343,94
54,12,344,94
54,12,345,94
54,12,346,94
54,12,347,94
54,12,348,94
54,12,349,94
54,12,350,94
54,12,351,94
54,12,352,94
54,12,353,94
54,12,354,94
54,12,355,94
54,12,356,94
54,12,357,94
54,12,358,94
54,12,359,94
54,12,360,94
54,12,361,94
54,12,362,94
54,12,363,94
54,12,364,94
54,12,365,94
54,12,366,94
54,12,367,94
54,12,368,94
54,12,369,94
54,12,370,94
54,12,371,94
54,12,372,94
54,12,373,94
54,12,374,94
54,12,375,94
54,12,376,94
54,12,377,94
54,12,378,94
54,12,379,94
54,12,380,94
54,12,381,94
54,12,382,94
54,12,383,94
54,12,384,94
54,12,385,94
54,12,386,94
54,12,387,94
54,12,388,94
54,12,389,94
54,12,390,94
54,12,391,94
54,12,392,94
54,12,393,94
54,12,394,94
54,12,395,94
54,12,396,94
54,12,397,94
54,12,398,94
54,12,399,94
54,12,400,94
54,12,401,94
54,12,402,94
54,12,403,94
54,12,404,94
54,12,405,94
54,12,406,94
54,12,407,94
54,12,408,94
54,12,409,94
54,12,410,94
54,12,411,94
54,12,412,94
54,12,413,94
54,12,414,94
54,12,415,94
54,12,416,94
54,12,417,94
54,12,418,94
54,12,419,94
54,12,420,94
54,12,421,94
54,12,422,94
54,12,423,94
54,12,424,94
54,12,425,94
54,12,426,94
54,12,427,94
54,12,428,94
54,12,429,94
54,12,430,94
54,12,431,94
54,12,432,94
54,12,433,94
54,12,434,94
54,12,435,94
54,12,436,94
54,12,437,94
54,12,438,94
54,12,439,94
54,12,440,94
54,12,441,94
54,12,442,94
54,12,443,94
54,12,444,94
54,12,445,94
54,12,446,94
54,12,447,94
54,12,448,94
54,12,449,94
54,12,450,94
54,12,451,94
54,12,452,94
54,12,453,94
54,12,454,94
54,12,455,94
54,12,456,94
54,12,457,94
54,12,458,94
54,12,459,94
54,12,460,94
54,12,461,94
54,12,462,94
54,12,463,94
54,12,464,94
54,12,465,94
54,12,466,94
54,12,467,94
54,12,468,94
54,12,469,94
54,12,470,94
54,12,471,94
54,12,472,94
54,12,473,94
54,12,474,94
54,12,475,94
54,12,476,94
54,12,477,94
54,12,478,94
54,12,479,94
54,12,480,94
54,12,481,94
54,12,482,94
54,12,483,94
54,12,484,94
54,12,485,94
54,12,486,94
54,12,487,94
54,12,488,94
54,12,489,94
54,12,490,94
54,12,491,94
54,12,492,94
54,12,493,94
54,12,494,94
54,12,495,94
54,12,496,94
54,12,497,94
54,12,498,94
54,12,499,94
54,13,0,1
54,13,1,15
54,13,2,31
54,13,3,51
54,13,4,74
54,13,5,90
54,13,6,96
54,13,7,99
54,13,8,99
54,13,9,99
54,13,10,99
54,13,11,99
54,13,12,99
54,13,13,99
54,13,14,99
54,13,15,99
54,13,16,99
54,13,17,99
54,13,18,99
54,13,19,99
54,13,20,99
54,13,21,99
54,13,22,99
54,13,23,99
54,13,24,99
54,13,25,99
54,13,26,99
54,13,27,99
54,13,28,99
54,13,29,99
54,13,30,99
54,13,31,99
54,13,32,99
54,13,33,99
54,13,34,99
54,13,35,99
54,13,36,99
54,13,37,99
54,13,38,99
54,13,39,99
54,13,40,99
54,13,41,99
54,13,42,99
54,13,43,99
54,13,44,99
54,13,45,99
54,13,46,99
54,13,47,99
54,13,48,99
54,13,49,99
54,13,50,99
54,13,51,99
54,13,52,99
54,13,53,99
54,13,54,99
54,13,55,99
54,13,56,99
54,13,57,99
54,13,58,99
54,13,59,99
54,13,60,99
54,13,61,99
54,13,62,99
54,13,63,99
54,13,64,99
54,13,65,99
54,13,66,99
54,13,67,99
54,13,68,99
54,13,69,99
54,13,70,99
54,13,71,99
54,13,72,99
54,13,73,99
54,13,74,99
54,13,75,99
54,13,76,99
54,13,77,99
54,13,78,99
54,13,79,99
54,13,80,99
54,13,81,99
54,13,82,99
54,13,83,99
54,13,84,99
54,13,85,99
54,13,86,99
54,13,87,99
54,13,88,99
54,13,89,99
54,13,90,99
54,13,91,99
54,13,92,99
54,13,93,99
54,13,94,99
54,13,95,99
54,13,96,99
54,13,97,99
54,13,98,99
54,13,99,99
54,13,100,99
54,13,101,99
54,13,102,99
54,13,103,99
54,13,104,99
54,13,105,99
54,13,106,99
54,13,107,99
54,13,108,99
54,13,109,99
54,13,110,99
54,13,111,99
54,13,112,99
54,13,113,99
54,13,114,99
54,13,115,99
54,13,116,99
54,13,117,99
54,13,118,99
54,13,119,99
54,13,120,99
54,13,121,99
54,13,122,99
54,13,123,99
54,13,124,99
54,13,125,99
54,13,126,99
54,13,127,99
54,13,128,99
54,13,129,99
54,13,130,99
54,13,131,99
54,13,132,99
54,13,133,99
54,13,134,99
54,13,135,99
54,13,136,99
54,13,137,99
54,13,138,99
54,13,139,99
54,13,140,99
54,13,141,99
54,13,142,99
54,13,143,99
54,13,144,99
54,13,145,99
54,13,146,99
54,13,147,99
54,13,148,99
54,13,149,99
54,13,150,99
54,13,151,99
54,13,152,99
54,13,153,99
54,13,154,99
54,13,155,99
54,13,156,99
54,13,157,99
54,13,158,99
54,13,159,99
54,13,160,99
54,13,161,99
54,13,162,99
54,13,163,99
54,13,164,99
54,13,165,99
54,13,166,99
54,13,167,99
54,13,168,99
54,13,169,99
54,13,170,99
54,13,171,99
54,13,172,99
54,13,173,99
54,13,174,99
54,13,175,99
54,13,176,99
54,13,177,99
54,13,178,99
54,13,179,99
54,13,180,99
54,13,181,99
54,13,182,99
54,13,183,99
54,13,184,99
54,13,185,99
54,13,186,99
54,13,187,99
54,13,188,99
54,13,189,99
54,13,190,99
54,13,191,99
54,13,192,99
54,13,193,99
54,13,194,99
54,13,195,99
54,13,196,99
54,13,197,99
54,13,198,99
54,13,199,99
54,13,200,99
54,13,201,99
54,13,202,99
54,13,203,99
54,13,204,99
54,13,205,99
54,13,206,99
54,13,207,99
54,13,208,99
54,13,209,99
54,13,210,99
54,13,211,99
54,13,212,99
54,13,213,99
54,13,214,99
54,13,215,99
54,13,216,99
54,13,217,99
54,13,218,99
54,13,219,99
54,13,220,99
54,13,221,99
54,13,222,99
54,13,223,99
54,13,224,99
54,13,225,99
54,13,226,99
54,13,227,99
54,13,228,99
54,13,229,99
54,13,230,99
54,13,231,99
54,13,232,99
54,13,233,99
54,13,234,99
54,13,235,99
54,13,236,99
54,13,237,99
54,13,238,99
54,13,239,99
54,13,240,99
54,13,241,99
54,13,242,99
54,13,243,99
54,13,244,99
54,13,245,99
54,13,246,99
54,13,247,99
54,13,248,99
54,13,249,99
54,13,250,99
54,13,251,99
54,13,252,99
54,13,253,99
54,13,254,99
54,13,255,99
54,13,256,99
54,13,257,99
54,13,258,99
54,13,259,99
54,13,260,99
54,13,261,99
54,13,262,99
54,13,263,99
54,13,264,99
54,13,265,99
54,13,266,99
54,13,267,99
54,13,268,99
54,13,269,99
54,13,270,99
54,13,271,99
54,13,272,99
54,13,273,99
54,13,274,99
54,13,275,99
54,13,276,99
54,13,277,99
54,13,278,99
54,13,279,99
54,13,280,99
54,13,281,99
54,13,282,99
54,13,283,99
54,13,284,99
54,13,285,99
54,13,286,99
54,13,287,99
54,13,288,99
54,13,289,99
54,13,290,99
54,13,291,99
54,13,292,99
54,13,293,99
54,13,294,99
54,13,295,99
54,13,296,99
54,13,297,99
54,13,298,99
54,13,299,99
54,13,300,99
54,13,301,99
54,13,302,99
54,13,303,99
54,13,304,99
54,13,305,99
54,13,306,99
54,13,307,99
54,13,308,99
54,13,309,99
54,13,310,99
54,13,311,99
54,13,312,99
54,13,313,99
54,13,314,99
54,13,315,99
54,13,316,99
54,13,317,99
54,13,318,99
54,13,319,99
54,13,320,99
54,13,321,99
54,13,322,99
54,13,323,99
54,13,324,99
54,13,325,99
54,13,326,99
54,13,327,99
54,13,328,99
54,13,329,99
54,13,330,99
54,13,331,99
54,13,332,99
54,13,333,99
54,13,334,99
54,13,335,99
54,13,336,99
54,13,337,99
54,13,338,99
54,13,339,99
54,13,340,99
54,13,341,99
54,13,342,99
54,13,343,99
54,13,344,99
54,13,345,99
54,13,346,99
54,13,347,99
54,13,348,99
54,13,349,99
54,13,350,99
54,13,351,99
54,13,352,99
54,13,353,99
54,13,354,99
54,13,355,99
54,13,356,99
54,13,357,99
54,13,358,99
54,13,359,99
54,13,360,99
54,13,361,99
54,13,362,99
54,13,363,99
54,13,364,99
54,13,365,99
54,13,366,99
54,13,367,99
54,13,368,99
54,13,369,99
54,13,370,99
54,13,371,99
54,13,372,99
54,13,373,99
54,13,374,99
54,13,375,99
54,13,376,99
54,13,377,99
54,13,378,99
54,13,379,99
54,13,380,99
54,13,381,99
54,13,382,99
54,13,383,99
54,13,384,99
54,13,385,99
54,13,386,99
54,13,387,99
54,13,388,99
54,13,389,99
54,13,390,99
54,13,391,99
54,13,392,99
54,13,393,99
54,13,394,99
54,13,395,99
54,13,396,99
54,13,397,99
54,13,398,99
54,13,399,99
54,13,400,99
54,13,401,99
54,13,402,99
54,13,403,99
54,13,404,99
54,13,405,99
54,13,406,99
54,13,407,99
54,13,408,99
54,13,409,99
54,13,410,99
54,13,411,99
54,13,412,99
54,13,413,99
54,13,414,99
54,13,415,99
54,13,416,99
54,13,417,99
54,13,418,99
54,13,419,99
54,13,420,99
54,13,421,99
54,13,422,99
54,13,423,99
54,13,424,99
54,13,425,99
54,13,426,99
54,13,427,99
54,13,428,99
54,13,429,99
54,13,430,99
54,13,431,99
54,13,432,99
54,13,433,99
54,13,434,99
54,13,435,99
54,13,436,99
54,13,437,99
54,13,438,99
54,13,439,99
54,13,440,99
54,13,441,99
54,13,442,99
54,13,443,99
54,13,444,99
54,13,445,99
54,13,446,99
54,13,447,99
54,13,448,99
54,13,449,99
54,13,450,99
54,13,451,99
54,13,452,99
54,13,453,99
54,13,454,99
54,13,455,99
54,13,456,99
54,13,457,99
54,13,458,99
54,13,459,99
54,13,460,99
54,13,461,99
54,13,462,99
54,13,463,99
54,13,464,99
54,13,465,99
54,13,466,99
54,13,467,99
54,13,468,99
54,13,469,99
54,13,470,99
54,13,471,99
54,13,472,99
54,13,473,99
54,13,474,99
54,13,475,99
54,13,476,99
54,13,477,99
54,13,478,99
54,13,479,99
54,13,480,99
54,13,481,99
54,13,482,99
54,13,483,99
54,13,484,99
54,13,485,99
54,13,486,99
54,13,487,99
54,13,488,99
54,13,489,99
54,13,490,99
54,13,491,99
54,13,492,99
54,13,493,99
54,13,494,99
54,13,495,99
54,13,496,99
54,13,497,99
54,13,498,99
54,13,499,99
54,14,0,1
54,14,1,10
54,14,2,27
54,14,3,45
54,14,4,72
54,14,5,88
54,14,6,98
54,14,7,99
54,14,8,99
54,14,9,99
54,14,10,99
54,14,11,99
54,14,12,99
54,14,13,99
54,14,14,99
54,14,15,99
54,14,16,99
54,14,17,99
54,14,18,99
54,14,19,99
54,14,20,99
54,14,21,99
54,14,22,99
54,14,23,99
54,14,24,99
54,14,25,99
54,14,26,99
54,14,27,99
54,14,28,99
54,14,29,99
54,14,30,99
54,14,31,99
54,14,32,99
54,14,33,99
54,14,34,99
54,14,35,99
54,14,36,99
54,14,37,99
54,14,38,99
54,14,39,99
54,14,40,99
54,14,41,99
54,14,42,99
54,14,43,99
54,14,44,99
54,14,45,99
54,14,46,99
54,14,47,99
54,14,48,99
54,14,49,99
54,14,50,99
54,14,51,99
54,14,52,99
54,14,53,99
54,14,54,99
54,14,55,99
54,14,56,99
54,14,57,99
54,14,58,99
54,14,59,99
54,14,60,99
54,14,61,99
54,14,62,99
54,14,63,99
54,14,64,99
54,14,65,99
54,14,66,99
54,14,67,99
54,14,68,99
54,14,69,99
54,14,70,99
54,14,71,99
54,14,72,99
54,14,73,99
54,14,74,99
54,14,75,99
54,14,76,99
54,14,77,99
54,14,78,99
54,14,79,99
54,14,80,99
54,14,81,99
54,14,82,99
54,14,83,99
54,14,84,99
54,14,85,99
54,14,86,99
54,14,87,99
54,14,88,99
54,14,89,99
54,14,90,99
54,14,91,99
54,14,92,99
54,14,93,99
54,14,94,99
54,14,95,99
54,14,96,99
54,14,97,99
54,14,98,99
54,14,99,99
54,14,100,99
54,14,101,99
54,14,102,99
54,14,103,99
54,14,104,99
54,14,105,99
54,14,106,99
54,14,107,99
54,14,108,99
54,14,109,99
54,14,110,99
54,14,111,99
54,14,112,99
54,14,113,99
54,14,114,99
54,14,115,99
54,14,116,99
54,14,117,99
54,14,118,99
54,14,119,99
54,14,120,99
54,14,121,99
54,14,122,99
54,14,123,99
54,14,124,99
54,14,125,99
54,14,126,99
54,14,127,99
54,14,128,99
54,14,129,99
54,14,130,99
54,14,131,99
54,14,132,99
54,14,133,99
54,14,134,99
54,14,135,99
54,14,136,99
54,14,137,99
54,14,138,99
54,14,139,99
54,14,140,99
54,14,141,99
54,14,142,99
54,14,143,99
54,14,144,99
54,14,145,99
54,14,146,99
54,14,147,99
54,14,148,99
54,14,149,99
54,14,150,99
54,14,151,99
54,14,152,99
54,14,153,99
54,14,154,99
54,14,155,99
54,14,156,99
54,14,157,99
54,14,158,99
54,14,159,99
54,14,160,99
54,14,161,99
54,14,162,99
54,14,163,99
54,14,164,99
54,14,165,99
54,14,166,99
54,14,167,99
54,14,168,99
54,14,169,99
54,14,170,99
54,14,171,99
54,14,172,99
54,14,173,99
54,14,174,99
54,14,175,99
54,14,176,99
54,14,177,99
54,14,178,99
54,14,179,99
54,14,180,99
54,14,181,99
54,14,182,99
54,14,183,99
54,14,184,99
54,14,185,99
54,14,186,99
54,14,187,99
54,14,188,99
54,14,189,99
54,14,190,99
54,14,191,99
54,14,192,99
54,14,193,99
54,14,194,99
54,14,195,99
54,14,196,99
54,14,197,99
54,14,198,99
54,14,199,99
54,14,200,99
54,14,201,99
54,14,202,99
54,14,203,99
54,14,204,99
54,14,205,99
54,14,206,99
54,14,207,99
54,14,208,99
54,14,209,99
54,14,210,99
54,14,211,99
54,14,212,99
54,14,213,99
54,14,214,99
54,14,215,99
54,14,216,99
54,14,217,99
54,14,218,99
54,14,219,99
54,14,220,99
54,14,221,99
54,14,222,99
54,14,223,99
54,14,224,99
54,14,225,99
54,14,226,99
54,14,227,99
54,14,228,99
54,14,229,99
54,14,230,99
54,14,231,99
54,14,232,99
54,14,233,99
54,14,234,99
54,14,235,99
54,14,236,99
54,14,237,99
54,14,238,99
54,14,239,99
54,14,240,99
54,14,241,99
54,14,242,99
54,14,243,99
54,14,244,99
54,14,245,99
54,14,246,99
54,14,247,99
54,14,248,99
54,14,249,99
54,14,250,99
54,14,251,99
54,14,252,99
54,14,253,99
54,14,254,99
54,14,255,99
54,14,256,99
54,14,257,99
54,14,258,99
54,14,259,99
54,14,260,99
54,14,261,99
54,14,262,99
54,14,263,99
54,14,264,99
54,14,265,99
54,14,266,99
54,14,267,99
54,14,268,99
54,14,269,99
54,14,270,99
54,14,271,99
54,14,272,99
54,14,273,99
54,14,274,99
54,14,275,99
54,14,276,99
54,14,277,99
54,14,278,99
54,14,279,99
54,14,280,99
54,14,281,99
54,14,282,99
54,14,283,99
54,14,284,99
54,14,285,99
54,14,286,99
54,14,287,99
54,14,288,99
54,14,289,99
54,14,290,99
54,14,291,99
54,14,292,99
54,14,293,99
54,14,294,99
54,14,295,99
54,14,296,99
54,14,297,99
54,14,298,99
54,14,299,99
54,14,300,99
54,14,301,99
54,14,302,99
54,14,303,99
54,14,304,99
54,14,305,99
54,14,306,99
54,14,307,99
54,14,308,99
54,14,309,99
54,14,310,99
54,14,311,99
54,14,312,99
54,14,313,99
54,14,314,99
54,14,315,99
54,14,316,99
54,14,317,99
54,14,318,99
54,14,319,99
54,14,320,99
54,14,321,99
54,14,322,99
54,14,323,99
54,14,324,99
54,14,325,99
54,14,326,99
54,14,327,99
54,14,328,99
54,14,329,99
54,14,330,99
54,14,331,99
54,14,332,99
54,14,333,99
54,14,334,99
54,14,335,99
54,14,336,99
54,14,337,99
54,14,338,99
54,14,339,99
54,14,340,99
54,14,341,99
54,14,342,99
54,14,343,99
54,14,344,99
54,14,345,99
54,14,346,99
54,14,347,99
54,14,348,99
54,14,349,99
54,14,350,99
54,14,351,99
54,14,352,99
54,14,353,99
54,14,354,99
54,14,355,99
54,14,356,99
54,14,357,99
54,14,358,99
54,14,359,99
54,14,360,99
54,14,361,99
54,14,362,99
54,14,363,99
54,14,364,99
54,14,365,99
54,14,366,99
54,14,367,99
54,14,368,99
54,14,369,99
54,14,370,99
54,14,371,99
54,14,372,99
54,14,373,99
54,14,374,99
54,14,375,99
54,14,376,99
54,14,377,99
54,14,378,99
54,14,379,99
54,14,380,99
54,14,381,99
54,14,382,99
54,14,383,99
54,14,384,99
54,14,385,99
54,14,386,99
54,14,387,99
54,14,388,99
54,14,389,99
54,14,390,99
54,14,391,99
54,14,392,99
54,14,393,99
54,14,394,99
54,14,395,99
54,14,396,99
54,14,397,99
54,14,398,99
54,14,399,99
54,14,400,99
54,14,401,99
54,14,402,99
54,14,403,99
54,14,404,99
54,14,405,99
54,14,406,99
54,14,407,99
54,14,408,99
54,14,409,99
54,14,410,99
54,14,411,99
54,14,412,99
54,14,413,99
54,14,414,99
54,14,415,99
54,14,416,99
54,14,417,99
54,14,418,99
54,14,419,99
54,14,420,99
54,14,421,99
54,14,422,99
54,14,423,99
54,14,424,99
54,14,425,99
54,14,426,99
54,14,427,99
54,14,428,99
54,14,429,99
54,14,430,99
54,14,431,99
54,14,432,99
54,14,433,99
54,14,434,99
54,14,435,99
54,14,436,99
54,14,437,99
54,14,438,99
54,14,439,99
54,14,440,99
54,14,441,99
54,14,442,99
54,14,443,99
54,14,444,99
54,14,445,99
54,14,446,99
54,14,447,99
54,14,448,99
54,14,449,99
54,14,450,99
54,14,451,99
54,14,452,99
54,14,453,99
54,14,454,99
54,14,455,99
54,14,456,99
54,14,457,99
54,14,458,99
54,14,459,99
54,14,460,99
54,14,461,99
54,14,462,99
54,14,463,99
54,14,464,99
54,14,465,99
54,14,466,99
54,14,467,99
54,14,468,99
54,14,469,99
54,14,470,99
54,14,471,99
54,14,472,99
54,14,473,99
54,14,474,99
54,14,475,99
54,14,476,99
54,14,477,99
54,14,478,99
54,14,479,99
54,14,480,99
54,14,481,99
54,14,482,99
54,14,483,99
54,14,484,99
54,14,485,99
54,14,486,99
54,14,487,99
54,14,488,99
54,14,489,99
54,14,490,99
54,14,491,99
54,14,492,99
54,14,493,99
54,14,494,99
54,14,495,99
54,14,496,99
54,14,497,99
54,14,498,99
54,14,499,99
54,15,0,1
54,15,1,5
54,15,2,21
54,15,3,47
54,15,4,74
54,15,5,92
54,15,6,99
54,15,7,99
54,15,8,99
54,15,9,99
54,15,10,99
54,15,11,99
54,15,12,99
54,15,13,99
54,15,14,99
54,15,15,99
54,15,16,99
54,15,17,99
54,15,18,99
54,15,19,99
54,15,20,99
54,15,21,99
54,15,22,99
54,15,23,99
54,15,24,99
54,15,25,99
54,15,26,99
54,15,27,99
54,15,28,99
54,15,29,99
54,15,30,99
54,15,31,99
54,15,32,99
54,15,33,99
54,15,34,99
54,15,35,99
54,15,36,99
54,15,37,99
54,15,38,99
54,15,39,99
54,15,40,99
54,15,41,99
54,15,42,99
54,15,43,99
54,15,44,99
54,15,45,99
54,15,46,99
54,15,47,99
54,15,48,99
54,15,49,99
54,15,50,99
54,15,51,99
54,15,52,99
54,15,53,99
54,15,54,99
54,15,55,99
54,15,56,99
54,15,57,99
54,15,58,99
54,15,59,99
54,15,60,99
54,15,61,99
54,15,62,99
54,15,63,99
54,15,64,99
54,15,65,99
54,15,66,99
54,15,67,99
54,15,68,99
54,15,69,99
54,15,70,99
54,15,71,99
54,15,72,99
54,15,73,99
54,15,74,99
54,15,75,99
54,15,76,99
54,15,77,99
54,15,78,99
54,15,79,99
54,15,80,99
54,15,81,99
54,15,82,99
54,15,83,99
54,15,84,99
54,15,85,99
54,15,86,99
54,15,87,99
54,15,88,99
54,15,89,99
54,15,90,99
54,15,91,99
54,15,92,99
54,15,93,99
54,15,94,99
54,15,95,99
54,15,96,99
54,15,97,99
54,15,98,99
54,15,99,99
54,15,100,99
54,15,101,99
54,15,102,99
54,15,103,99
54,15,104,99
54,15,105,99
54,15,106,99
54,15,107,99
54,15,108,99
54,15,109,99
54,15,110,99
54,15,111,99
54,15,112,99
54,15,113,99
54,15,114,99
54,15,115,99
54,15,116,99
54,15,117,99
54,15,118,99
54,15,119,99
54,15,120,99
54,15,121,99
54,15,122,99
54,15,123,99
54,15,124,99
54,15,125,99
54,15,126,99
54,15,127,99
54,15,128,99
54,15,129,99
54,15,130,99
54,15,131,99
54,15,132,99
54,15,133,99
54,15,134,99
54,15,135,99
54,15,136,99
54,15,137,99
54,15,138,99
54,15,139,99
54,15,140,99
54,15,141,99
54,15,142,99
54,15,143,99
54,15,144,99
54,15,145,99
54,15,146,99
54,15,147,99
54,15,148,99
54,15,149,99
54,15,150,99
54,15,151,99
54,15,152,99
54,15,153,99
54,15,154,99
54,15,155,99
54,15,156,99
54,15,157,99
54,15,158,99
54,15,159,99
54,15,160,99
54,15,161,99
54,15,162,99
54,15,163,99
54,15,164,99
54,15,165,99
54,15,166,99
54,15,167,99
54,15,168,99
54,15,169,99
54,15,170,99
54,15,171,99
54,15,172,99
54,15,173,99
54,15,174,99
54,15,175,99
54,15,176,99
54,15,177,99
54,15,178,99
54,15,179,99
54,15,180,99
54,15,181,99
54,15,182,99
54,15,183,99
54,15,184,99
54,15,185,99
54,15,186,99
54,15,187,99
54,15,188,99
54,15,189,99
54,15,190,99
54,15,191,99
54,15,192,99
54,15,193,99
54,15,194,99
54,15,195,99
54,15,196,99
54,15,197,99
54,15,198,99
54,15,199,99
54,15,200,99
54,15,201,99
54,15,202,99
54,15,203,99
54,15,204,99
54,15,205,99
54,15,206,99
54,15,207,99
54,15,208,99
54,15,209,99
54,15,210,99
54,15,211,99
54,15,212,99
54,15,213,99
54,15,214,99
54,15,215,99
54,15,216,99
54,15,217,99
54,15,218,99
54,15,219,99
54,15,220,99
54,15,221,99
54,15,222,99
54,15,223,99
54,15,224,99
54,15,225,99
54,15,226,99
54,15,227,99
54,15,228,99
54,15,229,99
54,15,230,99
54,15,231,99
54,15,232,99
54,15,233,99
54,15,234,99
54,15,235,99
54,15,236,99
54,15,237,99
54,15,238,99
54,15,239,99
54,15,240,99
54,15,241,99
54,15,242,99
54,15,243,99
54,15,244,99
54,15,245,99
54,15,246,99
54,15,247,99
54,15,248,99
54,15,249,99
54,15,250,99
54,15,251,99
54,15,252,99
54,15,253,99
54,15,254,99
54,15,255,99
54,15,256,99
54,15,257,99
54,15,258,99
54,15,259,99
54,15,260,99
54,15,261,99
54,15,262,99
54,15,263,99
54,15,264,99
54,15,265,99
54,15,266,99
54,15,267,99
54,15,268,99
54,15,269,99
54,15,270,99
54,15,271,99
54,15,272,99
54,15,273,99
54,15,274,99
54,15,275,99
54,15,276,99
54,15,277,99
54,15,278,99
54,15,279,99
54,15,280,99
54,15,281,99
54,15,282,99
54,15,283,99
54,15,284,99
54,15,285,99
54,15,286,99
54,15,287,99
54,15,288,99
54,15,289,99
54,15,290,99
54,15,291,99
54,15,292,99
54,15,293,99
54,15,294,99
54,15,295,99
54,15,296,99
54,15,297,99
54,15,298,99
54,15,299,99
54,15,300,99
54,15,301,99
54,15,302,99
54,15,303,99
54,15,304,99
54,15,305,99
54,15,306,99
54,15,307,99
54,15,308,99
54,15,309,99
54,15,310,99
54,15,311,99
54,15,312,99
54,15,313,99
54,15,314,99
54,15,315,99
54,15,316,99
54,15,317,99
54,15,318,99
54,15,319,99
54,15,320,99
54,15,321,99
54,15,322,99
54,15,323,99
54,15,324,99
54,15,325,99
54,15,326,99
54,15,327,99
54,15,328,99
54,15,329,99
54,15,330,99
54,15,331,99
54,15,332,99
54,15,333,99
54,15,334,99
54,15,335,99
54,15,336,99
54,15,337,99
54,15,338,99
54,15,339,99
54,15,340,99
54,15,341,99
54,15,342,99
54,15,343,99
54,15,344,99
54,15,345,99
54,15,346,99
54,15,347,99
54,15,348,99
54,15,349,99
54,15,350,99
54,15,351,99
54,15,352,99
54,15,353,99
54,15,354,99
54,15,355,99
54,15,356,99
54,15,357,99
54,15,358,99
54,15,359,99
54,15,360,99
54,15,361,99
54,15,362,99
54,15,363,99
54,15,364,99
54,15,365,99
54,15,366,99
54,15,367,99
54,15,368,99
54,15,369,99
54,15,370,99
54,15,371,99
54,15,372,99
54,15,373,99
54,15,374,99
54,15,375,99
54,15,376,99
54,15,377,99
54,15,378,99
54,15,379,99
54,15,380,99
54,15,381,99
54,15,382,99
54,15,383,99
54,15,384,99
54,15,385,99
54,15,386,99
54,15,387,99
54,15,388,99
54,15,389,99
54,15,390,99
54,15,391,99
54,15,392,99
54,15,393,99
54,15,394,99
54,15,395,99
54,15,396,99
54,15,397,99
54,15,398,99
54,15,399,99
54,15,400,99
54,15,401,99
54,15,402,99
54,15,403,99
54,15,404,99
54,15,405,99
54,15,406,99
54,15,407,99
54,15,408,99
54,15,409,99
54,15,410,99
54,15,411,99
54,15,412,99
54,15,413,99
54,15,414,99
54,15,415,99
54,15,416,99
54,15,417,99
54,15,418,99
54,15,419,99
54,15,420,99
54,15,421,99
54,15,422,99
54,15,423,99
54,15,424,99
54,15,425,99
54,15,426,99
54,15,427,99
54,15,428,99
54,15,429,99
54,15,430,99
54,15,431,99
54,15,432,99
54,15,433,99
54,15,434,99
54,15,435,99
54,15,436,99
54,15,437,99
54,15,438,99
54,15,439,99
54,15,440,99
54,15,441,99
54,15,442,99
54,15,443,99
54,15,444,99
54,15,445,99
54,15,446,99
54,15,447,99
54,15,448,99
54,15,449,99
54,15,450,99
54,15,451,99
54,15,452,99
54,15,453,99
54,15,454,99
54,15,455,99
54,15,456,99
54,15,457,99
54,15,458,99
54,15,459,99
54,15,460,99
54,15,461,99
54,15,462,99
54,15,463,99
54,15,464,99
54,15,465,99
54,15,466,99
54,15,467,99
54,15,468,99
54,15,469,99
54,15,470,99
54,15,471,99
54,15,472,99
54,15,473,99
54,15,474,99
54,15,475,99
54,15,476,99
54,15,477,99
54,15,478,99
54,15,479,99
54,15,480,99
54,15,481,99
54,15,482,99
54,15,483,99
54,15,484,99
54,15,485,99
54,15,486,99
54,15,487,99
54,15,488,99
54,15,489,99
54,15,490,99
54,15,491,99
54,15,492,99
54,15,493,99
54,15,494,99
54,15,495,99
54,15,496,99
54,15,497,99
54,15,498,99
54,15,499,99
54,16,0,1
54,16,1,9
54,16,2,27
54,16,3,51
54,16,4,74
54,16,5,94
54,16,6,99
54,16,7,99
54,16,8,99
54,16,9,99
54,16,10,99
54,16,11,99
54,16,12,99
54,16,13,99
54,16,14,99
54,16,15,99
54,16,16,99
54,16,17,99
54,16,18,99
54,16,19,99
54,16,20,99
54,16,21,99
54,16,22,99
54,16,23,99
54,16,24,99
54,16,25,99
54,16,26,99
54,16,27,99
54,16,28,99
54,16,29,99
54,16,30,99
54,16,31,99
54,16,32,99
54,16,33,99
54,16,34,99
54,16,35,99
54,16,36,99
54,16,37,99
54,16,38,99
54,16,39,99
54,16,40,99
54,16,41,99
54,16,42,99
54,16,43,99
54,16,44,99
54,16,45,99
54,16,46,99
54,16,47,99
54,16,48,99
54,16,49,99
54,16,50,99
54,16,51,99
54,16,52,99
54,16,53,99
54,16,54,99
54,16,55,99
54,16,56,99
54,16,57,99
54,16,58,99
54,16,59,99
54,16,60,99
54,16,61,99
54,16,62,99
54,16,63,99
54,16,64,99
54,16,65,99
54,16,66,99
54,16,67,99
54,16,68,99
54,16,69,99
54,16,70,99
54,16,71,99
54,16,72,99
54,16,73,99
54,16,74,99
54,16,75,99
54,16,76,99
54,16,77,99
54,16,78,99
54,16,79,99
54,16,80,99
54,16,81,99
54,16,82,99
54,16,83,99
54,16,84,99
54,16,85,99
54,16,86,99
54,16,87,99
54,16,88,99
54,16,89,99
54,16,90,99
54,16,91,99
54,16,92,99
54,16,93,99
54,16,94,99
54,16,95,99
54,16,96,99
54,16,97,99
54,16,98,99
54,16,99,99
54,16,100,99
54,16,101,99
54,16,102,99
54,16,103,99
54,16,104,99
54,16,105,99
54,16,106,99
54,16,107,99
54,16,108,99
54,16,109,99
54,16,110,99
54,16,111,99
54,16,112,99
54,16,113,99
54,16,114,99
54,16,115,99
54,16,116,99
54,16,117,99
54,16,118,99
54,16,119,99
54,16,120,99
54,16,121,99
54,16,122,99
54,16,123,99
54,16,124,99
54,16,125,99
54,16,126,99
54,16,127,99
54,16,128,99
54,16,129,99
54,16,130,99
54,16,131,99
54,16,132,99
54,16,133,99
54,16,134,99
54,16,135,99
54,16,136,99
54,16,137,99
54,16,138,99
54,16,139,99
54,16,140,99
54,16,141,99
54,16,142,99
54,16,143,99
54,16,144,99
54,16,145,99
54,16,146,99
54,16,147,99
54,16,148,99
54,16,149,99
54,16,150,99
54,16,151,99
54,16,152,99
54,16,153,99
54,16,154,99
54,16,155,99
54,16,156,99
54,16,157,99
54,16,158,99
54,16,159,99
54,16,160,99
54,16,161,99
54,16,162,99
54,16,163,99
54,16,164,99
54,16,165,99
54,16,166,99
54,16,167,99
54,16,168,99
54,16,169,99
54,16,170,99
54,16,171,99
54,16,172,99
54,16,173,99
54,16,174,99
54,16,175,99
54,16,176,99
54,16,177,99
54,16,178,99
54,16,179,99
54,16,180,99
54,16,181,99
54,16,182,99
54,16,183,99
54,16,184,99
54,16,185,99
54,16,186,99
54,16,187,99
54,16,188,99
54,16,189,99
54,16,190,99
54,16,191,99
54,16,192,99
54,16,193,99
54,16,194,99
54,16,195,99
54,16,196,99
54,16,197,99
54,16,198,99
54,16,199,99
54,16,200,99
54,16,201,99
54,16,202,99
54,16,203,99
54,16,204,99
54,16,205,99
54,16,206,99
54,16,207,99
54,16,208,99
54,16,209,99
54,16,210,99
54,16,211,99
54,16,212,99
54,16,213,99
54,16,214,99
54,16,215,99
54,16,216,99
54,16,217,99
54,16,218,99
54,16,219,99
54,16,220,99
54,16,221,99
54,16,222,99
54,16,223,99
54,16,224,99
54,16,225,99
54,16,226,99
54,16,227,99
54,16,228,99
54,16,229,99
54,16,230,99
54,16,231,99
54,16,232,99
54,16,233,99
54,16,234,99
54,16,235,99
54,16,236,99
54,16,237,99
54,16,238,99
54,16,239,99
54,16,240,99
54,16,241,99
54,16,242,99
54,16,243,99
54,16,244,99
54,16,245,99
54,16,246,99
54,16,247,99
54,16,248,99
54,16,249,99
54,16,250,99
54,16,251,99
54,16,252,99
54,16,253,99
54,16,254,99
54,16,255,99
54,16,256,99
54,16,257,99
54,16,258,99
54,16,259,99
54,16,260,99
54,16,261,99
54,16,262,99
54,16,263,99
54,16,264,99
54,16,265,99
54,16,266,99
54,16,267,99
54,16,268,99
54,16,269,99
54,16,270,99
54,16,271,99
54,16,272,99
54,16,273,99
54,16,274,99
54,16,275,99
54,16,276,99
54,16,277,99
54,16,278,99
54,16,279,99
54,16,280,99
54,16,281,99
54,16,282,99
54,16,283,99
54,16,284,99
54,16,285,99
54,16,286,99
54,16,287,99
54,16,288,99
54,16,289,99
54,16,290,99
54,16,291,99
54,16,292,99
54,16,293,99
54,16,294,99
54,16,295,99
54,16,296,99
54,16,297,99
54,16,298,99
54,16,299,99
54,16,300,99
54,16,301,99
54,16,302,99
54,16,303,99
54,16,304,99
54,16,305,99
54,16,306,99
54,16,307,99
54,16,308,99
54,16,309,99
54,16,310,99
54,16,311,99
54,16,312,99
54,16,313,99
54,16,314,99
54,16,315,99
54,16,316,99
54,16,317,99
54,16,318,99
54,16,319,99
54,16,320,99
54,16,321,99
54,16,322,99
54,16,323,99
54,16,324,99
54,16,325,99
54,16,326,99
54,16,327,99
54,16,328,99
54,16,329,99
54,16,330,99
54,16,331,99
54,16,332,99
54,16,333,99
54,16,334,99
54,16,335,99
54,16,336,99
54,16,337,99
54,16,338,99
54,16,339,99
54,16,340,99
54,16,341,99
54,16,342,99
54,16,343,99
54,16,344,99
54,16,345,99
54,16,346,99
54,16,347,99
54,16,348,99
54,16,349,99
54,16,350,99
54,16,351,99
54,16,352,99
54,16,353,99
54,16,354,99
54,16,355,99
54,16,356,99
54,16,357,99
54,16,358,99
54,16,359,99
54,16,360,99
54,16,361,99
54,16,362,99
54,16,363,99
54,16,364,99
54,16,365,99
54,16,366,99
54,16,367,99
54,16,368,99
54,16,369,99
54,16,370,99
54,16,371,99
54,16,372,99
54,16,373,99
54,16,374,99
54,16,375,99
54,16,376,99
54,16,377,99
54,16,378,99
54,16,379,99
54,16,380,99
54,16,381,99
54,16,382,99
54,16,383,99
54,16,384,99
54,16,385,99
54,16,386,99
54,16,387,99
54,16,388,99
54,16,389,99
54,16,390,99
54,16,391,99
54,16,392,99
54,16,393,99
54,16,394,99
54,16,395,99
54,16,396,99
54,16,397,99
54,16,398,99
54,16,399,99
54,16,400,99
54,16,401,99
54,16,402,99
54,16,403,99
54,16,404,99
54,16,405,99
54,16,406,99
54,16,407,99
54,16,408,99
54,16,409,99
54,16,410,99
54,16,411,99
54,16,412,99
54,16,413,99
54,16,414,99
54,16,415,99
54,16,416,99
54,16,417,99
54,16,418,99
54,16,419,99
54,16,420,99
54,16,421,99
54,16,422,99
54,16,423,99
54,16,424,99
54,16,425,99
54,16,426,99
54,16,427,99
54,16,428,99
54,16,429,99
54,16,430,99
54,16,431,99
54,16,432,99
54,16,433,99
54,16,434,99
54,16,435,99
54,16,436,99
54,16,437,99
54,16,438,99
54,16,439,99
54,16,440,99
54,16,441,99
54,16,442,99
54,16,443,99
54,16,444,99
54,16,445,99
54,16,446,99
54,16,447,99
54,16,448,99
54,16,449,99
54,16,450,99
54,16,451,99
54,16,452,99
54,16,453,99
54,16,454,99
54,16,455,99
54,16,456,99
54,16,457,99
54,16,458,99
54,16,459,99
54,16,460,99
54,16,461,99
54,16,462,99
54,16,463,99
54,16,464,99
54,16,465,99
54,16,466,99
54,16,467,99
54,16,468,99
54,16,469,99
54,16,470,99
54,16,471,99
54,16,472,99
54,16,473,99
54,16,474,99
54,16,475,99
54,16,476,99
54,16,477,99
54,16,478,99
54,16,479,99
54,16,480,99
54,16,481,99
54,16,482,99
54,16,483,99
54,16,484,99
54,16,485,99
54,16,486,99
54,16,487,99
54,16,488,99
54,16,489,99
54,16,490,99
54,16,491,99
54,16,492,99
54,16,493,99
54,16,494,99
54,16,495,99
54,16,496,99
54,16,497,99
54,16,498,99
54,16,499,99
54,17,0,1
54,17,1,14
54,17,2,47
54,17,3,78
54,17,4,95
54,17,5,98
54,17,6,98
54,17,7,98
54,17,8,98
54,17,9,98
54,17,10,98
54,17,11,98
54,17,12,98
54,17,13,98
54,17,14,98
54,17,15,98
54,17,16,98
54,17,17,98
54,17,18,98
54,17,19,98
54,17,20,98
54,17,21,98
54,17,22,98
54,17,23,98
54,17,24,98
54,17,25,98
54,17,26,98
54,17,27,98
54,17,28,98
54,17,29,98
54,17,30,98
54,17,31,98
54,17,32,98
54,17,33,98
54,17,34,98
54,17,35,98
54,17,36,98
54,17,37,98
54,17,38,98
54,17,39,98
54,17,40,98
54,17,41,98
54,17,42,98
54,17,43,98
54,17,44,98
54,17,45,98
54,17,46,98
54,17,47,98
54,17,48,98
54,17,49,98
54,17,50,98
54,17,51,98
54,17,52,98
54,17,53,98
54,17,54,98
54,17,55,98
54,17,56,98
54,17,57,98
54,17,58,98
54,17,59,98
54,17,60,98
54,17,61,98
54,17,62,98
54,17,63,98
54,17,64,98
54,17,65,98
54,17,66,98
54,17,67,98
54,17,68,98
54,17,69,98
54,17,70,98
54,17,71,98
54,17,72,98
54,17,73,98
54,17,74,98
54,17,75,98
54,17,76,98
54,17,77,98
54,17,78,98
54,17,79,98
54,17,80,98
54,17,81,98
54,17,82,98
54,17,83,98
54,17,84,98
54,17,85,98
54,17,86,98
54,17,87,98
54,17,88,98
54,17,89,98
54,17,90,98
54,17,91,98
54,17,92,98
54,17,93,98
54,17,94,98
54,17,95,98
54,17,96,98
54,17,97,98
54,17,98,98
54,17,99,98
54,17,100,98
54,17,101,98
54,17,102,98
54,17,103,98
54,17,104,98
54,17,105,98
54,17,106,98
54,17,107,98
54,17,108,98
54,17,109,98
54,17,110,98
54,17,111,98
54,17,112,98
54,17,113,98
54,17,114,98
54,17,115,98
54,17,116,98
54,17,117,98
54,17,118,98
54,17,119,98
54,17,120,98
54,17,121,98
54,17,122,98
54,17,123,98
54,17,124,98
54,17,125,98
54,17,126,98
54,17,127,98
54,17,128,98
54,17,129,98
54,17,130,98
54,17,131,98
54,17,132,98
54,17,133,98
54,17,134,98
54,17,135,98
54,17,136,98
54,17,137,98
54,17,138,98
54,17,139,98
54,17,140,98
54,17,141,98
54,17,142,98
54,17,143,98
54,17,144,98
54,17,145,98
54,17,146,98
54,17,147,98
54,17,148,98
54,17,149,98
54,17,150,98
54,17,151,98
54,17,152,98
54,17,153,98
54,17,154,98
54,17,155,98
54,17,156,98
54,17,157,98
54,17,158,98
54,17,159,98
54,17,160,98
54,17,161,98
54,17,162,98
54,17,163,98
54,17,164,98
54,17,165,98
54,17,166,98
54,17,167,98
54,17,168,98
54,17,169,98
54,17,170,98
54,17,171,98
54,17,172,98
54,17,173,98
54,17,174,98
54,17,175,98
54,17,176,98
54,17,177,98
54,17,178,98
54,17,179,98
54,17,180,98
54,17,181,98
54,17,182,98
54,17,183,98
54,17,184,98
54,17,185,98
54,17,186,98
54,17,187,98
54,17,188,98
54,17,189,98
54,17,190,98
54,17,191,98
54,17,192,98
54,17,193,98
54,17,194,98
54,17,195,98
54,17,196,98
54,17,197,98
54,17,198,98
54,17,199,98
54,17,200,98
54,17,201,98
54,17,202,98
54,17,203,98
54,17,204,98
54,17,205,98
54,17,206,98
54,17,207,98
54,17,208,98
54,17,209,98
54,17,210,98
54,17,211,98
54,17,212,98
54,17,213,98
54,17,214,98
54,17,215,98
54,17,216,98
54,17,217,98
54,17,218,98
54,17,219,98
54,17,220,98
54,17,221,98
54,17,222,98
54,17,223,98
54,17,224,98
54,17,225,98
54,17,226,98
54,17,227,98
54,17,228,98
54,17,229,98
54,17,230,98
54,17,231,98
54,17,232,98
54,17,233,98
54,17,234,98
54,17,235,98
54,17,236,98
54,17,237,98
54,17,238,98
54,17,239,98
54,17,240,98
54,17,241,98
54,17,242,98
54,17,243,98
54,17,244,98
54,17,245,98
54,17,246,98
54,17,247,98
54,17,248,98
54,17,249,98
54,17,250,98
54,17,251,98
54,17,252,98
54,17,253,98
54,17,254,98
54,17,255,98
54,17,256,98
54,17,257,98
54,17,258,98
54,17,259,98
54,17,260,98
54,17,261,98
54,17,262,98
54,17,263,98
54,17,264,98
54,17,265,98
54,17,266,98
54,17,267,98
54,17,268,98
54,17,269,98
54,17,270,98
54,17,271,98
54,17,272,98
54,17,273,98
54,17,274,98
54,17,275,98
54,17,276,98
54,17,277,98
54,17,278,98
54,17,279,98
54,17,280,98
54,17,281,98
54,17,282,98
54,17,283,98
54,17,284,98
54,17,285,98
54,17,286,98
54,17,287,98
54,17,288,98
54,17,289,98
54,17,290,98
54,17,291,98
54,17,292,98
54,17,293,98
54,17,294,98
54,17,295,98
54,17,296,98
54,17,297,98
54,17,298,98
54,17,299,98
54,17,300,98
54,17,301,98
54,17,302,98
54,17,303,98
54,17,304,98
54,17,305,98
54,17,306,98
54,17,307,98
54,17,308,98
54,17,309,98
54,17,310,98
54,17,311,98
54,17,312,98
54,17,313,98
54,17,314,98
54,17,315,98
54,17,316,98
54,17,317,98
54,17,318,98
54,17,319,98
54,17,320,98
54,17,321,98
54,17,322,98
54,17,323,98
54,17,324,98
54,17,325,98
54,17,326,98
54,17,327,98
54,17,328,98
54,17,329,98
54,17,330,98
54,17,331,98
54,17,332,98
54,17,333,98
54,17,334,98
54,17,335,98
54,17,336,98
54,17,337,98
54,17,338,98
54,17,339,98
54,17,340,98
54,17,341,98
54,17,342,98
54,17,343,98
54,17,344,98
54,17,345,98
54,17,346,98
54,17,347,98
54,17,348,98
54,17,349,98
54,17,350,98
54,17,351,98
54,17,352,98
54,17,353,98
54,17,354,98
54,17,355,98
54,17,356,98
54,17,357,98
54,17,358,98
54,17,359,98
54,17,360,98
54,17,361,98
54,17,362,98
54,17,363,98
54,17,364,98
54,17,365,98
54,17,366,98
54,17,367,98
54,17,368,98
54,17,369,98
54,17,370,98
54,17,371,98
54,17,372,98
54,17,373,98
54,17,374,98
54,17,375,98
54,17,376,98
54,17,377,98
54,17,378,98
54,17,379,98
54,17,380,98
54,17,381,98
54,17,382,98
54,17,383,98
54,17,384,98
54,17,385,98
54,17,386,98
54,17,387,98
54,17,388,98
54,17,389,98
54,17,390,98
54,17,391,98
54,17,392,98
54,17,393,98
54,17,394,98
54,17,395,98
54,17,396,98
54,17,397,98
54,17,398,98
54,17,399,98
54,17,400,98
54,17,401,98
54,17,402,98
54,17,403,98
54,17,404,98
54,17,405,98
54,17,406,98
54,17,407,98
54,17,408,98
54,17,409,98
54,17,410,98
54,17,411,98
54,17,412,98
54,17,413,98
54,17,414,98
54,17,415,98
54,17,416,98
54,17,417,98
54,17,418,98
54,17,419,98
54,17,420,98
54,17,421,98
54,17,422,98
54,17,423,98
54,17,424,98
54,17,425,98
54,17,426,98
54,17,427,98
54,17,428,98
54,17,429,98
54,17,430,98
54,17,431,98
54,17,432,98
54,17,433,98
54,17,434,98
54,17,435,98
54,17,436,98
54,17,437,98
54,17,438,98
54,17,439,98
54,17,440,98
54,17,441,98
54,17,442,98
54,17,443,98
54,17,444,98
54,17,445,98
54,17,446,98
54,17,447,98
54,17,448,98
54,17,449,98
54,17,450,98
54,17,451,98
54,17,452,98
54,17,453,98
54,17,454,98
54,17,455,98
54,17,456,98
54,17,457,98
54,17,458,98
54,17,459,98
54,17,460,98
54,17,461,98
54,17,462,98
54,17,463,98
54,17,464,98
54,17,465,98
54,17,466,98
54,17,467,98
54,17,468,98
54,17,469,98
54,17,470,98
54,17,471,98
54,17,472,98
54,17,473,98
54,17,474,98
54,17,475,98
54,17,476,98
54,17,477,98
54,17,478,98
54,17,479,98
54,17,480,98
54,17,481,98
54,17,482,98
54,17,483,98
54,17,484,98
54,17,485,98
54,17,486,98
54,17,487,98
54,17,488,98
54,17,489,98
54,17,490,98
54,17,491,98
54,17,492,98
54,17,493,98
54,17,494,98
54,17,495,98
54,17,496,98
54,17,497,98
54,17,498,98
54,17,499,98
54,18,0,1
54,18,1,10
54,18,2,29
54,18,3,65
54,18,4,88
54,18,5,99
54,18,6,99
54,18,7,99
54,18,8,99
54,18,9,99
54,18,10,99
54,18,11,99
54,18,12,99
54,18,13,99
54,18,14,99
54,18,15,99
54,18,16,99
54,18,17,99
54,18,18,99
54,18,19,99
54,18,20,99
54,18,21,99
54,18,22,99
54,18,23,99
54,18,24,99
54,18,25,99
54,18,26,99
54,18,27,99
54,18,28,99
54,18,29,99
54,18,30,99
54,18,31,99
54,18,32,99
54,18,33,99
54,18,34,99
54,18,35,99
54,18,36,99
54,18,37,99
54,18,38,99
54,18,39,99
54,18,40,99
54,18,41,99
54,18,42,99
54,18,43,99
54,18,44,99
54,18,45,99
54,18,46,99
54,18,47,99
54,18,48,99
54,18,49,99
54,18,50,99
54,18,51,99
54,18,52,99
54,18,53,99
54,18,54,99
54,18,55,99
54,18,56,99
54,18,57,99
54,18,58,99
54,18,59,99
54,18,60,99
54,18,61,99
54,18,62,99
54,18,63,99
54,18,64,99
54,18,65,99
54,18,66,99
54,18,67,99
54,18,68,99
54,18,69,99
54,18,70,99
54,18,71,99
54,18,72,99
54,18,73,99
54,18,74,99
54,18,75,99
54,18,76,99
54,18,77,99
54,18,78,99
54,18,79,99
54,18,80,99
54,18,81,99
54,18,82,99
54,18,83,99
54,18,84,99
54,18,85,99
54,18,86,99
54,18,87,99
54,18,88,99
54,18,89,99
54,18,90,99
54,18,91,99
54,18,92,99
54,18,93,99
54,18,94,99
54,18,95,99
54,18,96,99
54,18,97,99
54,18,98,99
54,18,99,99
54,18,100,99
54,18,101,99
54,18,102,99
54,18,103,99
54,18,104,99
54,18,105,99
54,18,106,99
54,18,107,99
54,18,108,99
54,18,109,99
54,18,110,99
54,18,111,99
54,18,112,99
54,18,113,99
54,18,114,99
54,18,115,99
54,18,116,99
54,18,117,99
54,18,118,99
54,18,119,99
54,18,120,99
54,18,121,99
54,18,122,99
54,18,123,99
54,18,124,99
54,18,125,99
54,18,126,99
54,18,127,99
54,18,128,99
54,18,129,99
54,18,130,99
54,18,131,99
54,18,132,99
54,18,133,99
54,18,134,99
54,18,135,99
54,18,136,99
54,18,137,99
54,18,138,99
54,18,139,99
54,18,140,99
54,18,141,99
54,18,142,99
54,18,143,99
54,18,144,99
54,18,145,99
54,18,146,99
54,18,147,99
54,18,148,99
54,18,149,99
54,18,150,99
54,18,151,99
54,18,152,99
54,18,153,99
54,18,154,99
54,18,155,99
54,18,156,99
54,18,157,99
54,18,158,99
54,18,159,99
54,18,160,99
54,18,161,99
54,18,162,99
54,18,163,99
54,18,164,99
54,18,165,99
54,18,166,99
54,18,167,99
54,18,168,99
54,18,169,99
54,18,170,99
54,18,171,99
54,18,172,99
54,18,173,99
54,18,174,99
54,18,175,99
54,18,176,99
54,18,177,99
54,18,178,99
54,18,179,99
54,18,180,99
54,18,181,99
54,18,182,99
54,18,183,99
54,18,184,99
54,18,185,99
54,18,186,99
54,18,187,99
54,18,188,99
54,18,189,99
54,18,190,99
54,18,191,99
54,18,192,99
54,18,193,99
54,18,194,99
54,18,195,99
54,18,196,99
54,18,197,99
54,18,198,99
54,18,199,99
54,18,200,99
54,18,201,99
54,18,202,99
54,18,203,99
54,18,204,99
54,18,205,99
54,18,206,99
54,18,207,99
54,18,208,99
54,18,209,99
54,18,210,99
54,18,211,99
54,18,212,99
54,18,213,99
54,18,214,99
54,18,215,99
54,18,216,99
54,18,217,99
54,18,218,99
54,18,219,99
54,18,220,99
54,18,221,99
54,18,222,99
54,18,223,99
54,18,224,99
54,18,225,99
54,18,226,99
54,18,227,99
54,18,228,99
54,18,229,99
54,18,230,99
54,18,231,99
54,18,232,99
54,18,233,99
54,18,234,99
54,18,235,99
54,18,236,99
54,18,237,99
54,18,238,99
54,18,239,99
54,18,240,99
54,18,241,99
54,18,242,99
54,18,243,99
54,18,244,99
54,18,245,99
54,18,246,99
54,18,247,99
54,18,248,99
54,18,249,99
54,18,250,99
54,18,251,99
54,18,252,99
54,18,253,99
54,18,254,99
54,18,255,99
54,18,256,99
54,18,257,99
54,18,258,99
54,18,259,99
54,18,260,99
54,18,261,99
54,18,262,99
54,18,263,99
54,18,264,99
54,18,265,99
54,18,266,99
54,18,267,99
54,18,268,99
54,18,269,99
54,18,270,99
54,18,271,99
54,18,272,99
54,18,273,99
54,18,274,99
54,18,275,99
54,18,276,99
54,18,277,99
54,18,278,99
54,18,279,99
54,18,280,99
54,18,281,99
54,18,282,99
54,18,283,99
54,18,284,99
54,18,285,99
54,18,286,99
54,18,287,99
54,18,288,99
54,18,289,99
54,18,290,99
54,18,291,99
54,18,292,99
54,18,293,99
54,18,294,99
54,18,295,99
54,18,296,99
54,18,297,99
54,18,298,99
54,18,299,99
54,18,300,99
54,18,301,99
54,18,302,99
54,18,303,99
54,18,304,99
54,18,305,99
54,18,306,99
54,18,307,99
54,18,308,99
54,18,309,99
54,18,310,99
54,18,311,99
54,18,312,99
54,18,313,99
54,18,314,99
54,18,315,99
54,18,316,99
54,18,317,99
54,18,318,99
54,18,319,99
54,18,320,99
54,18,321,99
54,18,322,99
54,18,323,99
54,18,324,99
54,18,325,99
54,18,326,99
54,18,327,99
54,18,328,99
54,18,329,99
54,18,330,99
54,18,331,99
54,18,332,99
54,18,333,99
54,18,334,99
54,18,335,99
54,18,336,99
54,18,337,99
54,18,338,99
54,18,339,99
54,18,340,99
54,18,341,99
54,18,342,99
54,18,343,99
54,18,344,99
54,18,345,99
54,18,346,99
54,18,347,99
54,18,348,99
54,18,349,99
54,18,350,99
54,18,351,99
54,18,352,99
54,18,353,99
54,18,354,99
54,18,355,99
54,18,356,99
54,18,357,99
54,18,358,99
54,18,359,99
54,18,360,99
54,18,361,99
54,18,362,99
54,18,363,99
54,18,364,99
54,18,365,99
54,18,366,99
54,18,367,99
54,18,368,99
54,18,369,99
54,18,370,99
54,18,371,99
54,18,372,99
54,18,373,99
54,18,374,99
54,18,375,99
54,18,376,99
54,18,377,99
54,18,378,99
54,18,379,99
54,18,380,99
54,18,381,99
54,18,382,99
54,18,383,99
54,18,384,99
54,18,385,99
54,18,386,99
54,18,387,99
54,18,388,99
54,18,389,99
54,18,390,99
54,18,391,99
54,18,392,99
54,18,393,99
54,18,394,99
54,18,395,99
54,18,396,99
54,18,397,99
54,18,398,99
54,18,399,99
54,18,400,99
54,18,401,99
54,18,402,99
54,18,403,99
54,18,404,99
54,18,405,99
54,18,406,99
54,18,407,99
54,18,408,99
54,18,409,99
54,18,410,99
54,18,411,99
54,18,412,99
54,18,413,99
54,18,414,99
54,18,415,99
54,18,416,99
54,18,417,99
54,18,418,99
54,18,419,99
54,18,420,99
54,18,421,99
54,18,422,99
54,18,423,99
54,18,424,99
54,18,425,99
54,18,426,99
54,18,427,99
54,18,428,99
54,18,429,99
54,18,430,99
54,18,431,99
54,18,432,99
54,18,433,99
54,18,434,99
54,18,435,99
54,18,436,99
54,18,437,99
54,18,438,99
54,18,439,99
54,18,440,99
54,18,441,99
54,18,442,99
54,18,443,99
54,18,444,99
54,18,445,99
54,18,446,99
54,18,447,99
54,18,448,99
54,18,449,99
54,18,450,99
54,18,451,99
54,18,452,99
54,18,453,99
54,18,454,99
54,18,455,99
54,18,456,99
54,18,457,99
54,18,458,99
54,18,459,99
54,18,460,99
54,18,461,99
54,18,462,99
54,18,463,99
54,18,464,99
54,18,465,99
54,18,466,99
54,18,467,99
54,18,468,99
54,18,469,99
54,18,470,99
54,18,471,99
54,18,472,99
54,18,473,99
54,18,474,99
54,18,475,99
54,18,476,99
54,18,477,99
54,18,478,99
54,18,479,99
54,18,480,99
54,18,481,99
54,18,482,99
54,18,483,99
54,18,484,99
54,18,485,99
54,18,486,99
54,18,487,99
54,18,488,99
54,18,489,99
54,18,490,99
54,18,491,99
54,18,492,99
54,18,493,99
54,18,494,99
54,18,495,99
54,18,496,99
54,18,497,99
54,18,498,99
54,18,499,99
54,19,0,1
54,19,1,8
54,19,2,21
54,19,3,39
54,19,4,63
54,19,5,85
54,19,6,99
54,19,7,99
54,19,8,99
54,19,9,99
54,19,10,99
54,19,11,99
54,19,12,99
54,19,13,99
54,19,14,99
54,19,15,99
54,19,16,99
54,19,17,99
54,19,18,99
54,19,19,99
54,19,20,99
54,19,21,99
54,19,22,99
54,19,23,99
54,19,24,99
54,19,25,99
54,19,26,99
54,19,27,99
54,19,28,99
54,19,29,99
54,19,30,99
54,19,31,99
54,19,32,99
54,19,33,99
54,19,34,99
54,19,35,99
54,19,36,99
54,19,37,99
54,19,38,99
54,19,39,99
54,19,40,99
54,19,41,99
54,19,42,99
54,19,43,99
54,19,44,99
54,19,45,99
54,19,46,99
54,19,47,99
54,19,48,99
54,19,49,99
54,19,50,99
54,19,51,99
54,19,52,99
54,19,53,99
54,19,54,99
54,19,55,99
54,19,56,99
54,19,57,99
54,19,58,99
54,19,59,99
54,19,60,99
54,19,61,99
54,19,62,99
54,19,63,99
54,19,64,99
54,19,65,99
54,19,66,99
54,19,67,99
54,19,68,99
54,19,69,99
54,19,70,99
54,19,71,99
54,19,72,99
54,19,73,99
54,19,74,99
54,19,75,99
54,19,76,99
54,19,77,99
54,19,78,99
54,19,79,99
54,19,80,99
54,19,81,99
54,19,82,99
54,19,83,99
54,19,84,99
54,19,85,99
54,19,86,99
54,19,87,99
54,19,88,99
54,19,89,99
54,19,90,99
54,19,91,99
54,19,92,99
54,19,93,99
54,19,94,99
54,19,95,99
54,19,96,99
54,19,97,99
54,19,98,99
54,19,99,99
54,19,100,99
54,19,101,99
54,19,102,99
54,19,103,99
54,19,104,99
54,19,105,99
54,19,106,99
54,19,107,99
54,19,108,99
54,19,109,99
54,19,110,99
54,19,111,99
54,19,112,99
54,19,113,99
54,19,114,99
54,19,115,99
54,19,116,99
54,19,117,99
54,19,118,99
54,19,119,99
54,19,120,99
54,19,121,99
54,19,122,99
54,19,123,99
54,19,124,99
54,19,125,99
54,19,126,99
54,19,127,99
54,19,128,99
54,19,129,99
54,19,130,99
54,19,131,99
54,19,132,99
54,19,133,99
54,19,134,99
54,19,135,99
54,19,136,99
54,19,137,99
54,19,138,99
54,19,139,99
54,19,140,99
54,19,141,99
54,19,142,99
54,19,143,99
54,19,144,99
54,19,145,99
54,19,146,99
54,19,147,99
54,19,148,99
54,19,149,99
54,19,150,99
54,19,151,99
54,19,152,99
54,19,153,99
54,19,154,99
54,19,155,99
54,19,156,99
54,19,157,99
54,19,158,99
54,19,159,99
54,19,160,99
54,19,161,99
54,19,162,99
54,19,163,99
54,19,164,99
54,19,165,99
54,19,166,99
54,19,167,99
54,19,168,99
54,19,169,99
54,19,170,99
54,19,171,99
54,19,172,99
54,19,173,99
54,19,174,99
54,19,175,99
54,19,176,99
54,19,177,99
54,19,178,99
54,19,179,99
54,19,180,99
54,19,181,99
54,19,182,99
54,19,183,99
54,19,184,99
54,19,185,99
54,19,186,99
54,19,187,99
54,19,188,99
54,19,189,99
54,19,190,99
54,19,191,99
54,19,192,99
54,19,193,99
54,19,194,99
54,19,195,99
54,19,196,99
54,19,197,99
54,19,198,99
54,19,199,99
54,19,200,99
54,19,201,99
54,19,202,99
54,19,203,99
54,19,204,99
54,19,205,99
54,19,206,99
54,19,207,99
54,19,208,99
54,19,209,99
54,19,210,99
54,19,211,99
54,19,212,99
54,19,213,99
54,19,214,99
54,19,215,99
54,19,216,99
54,19,217,99
54,19,218,99
54,19,219,99
54,19,220,99
54,19,221,99
54,19,222,99
54,19,223,99
54,19,224,99
54,19,225,99
54,19,226,99
54,19,227,99
54,19,228,99
54,19,229,99
54,19,230,99
54,19,231,99
54,19,232,99
54,19,233,99
54,19,234,99
54,19,235,99
54,19,236,99
54,19,237,99
54,19,238,99
54,19,239,99
54,19,240,99
54,19,241,99
54,19,242,99
54,19,243,99
54,19,244,99
54,19,245,99
54,19,246,99
54,19,247,99
54,19,248,99
54,19,249,99
54,19,250,99
54,19,251,99
54,19,252,99
54,19,253,99
54,19,254,99
54,19,255,99
54,19,256,99
54,19,257,99
54,19,258,99
54,19,259,99
54,19,260,99
54,19,261,99
54,19,262,99
54,19,263,99
54,19,264,99
54,19,265,99
54,19,266,99
54,19,267,99
54,19,268,99
54,19,269,99
54,19,270,99
54,19,271,99
54,19,272,99
54,19,273,99
54,19,274,99
54,19,275,99
54,19,276,99
54,19,277,99
54,19,278,99
54,19,279,99
54,19,280,99
54,19,281,99
54,19,282,99
54,19,283,99
54,19,284,99
54,19,285,99
54,19,286,99
54,19,287,99
54,19,288,99
54,19,289,99
54,19,290,99
54,19,291,99
54,19,292,99
54,19,293,99
54,19,294,99
54,19,295,99
54,19,296,99
54,19,297,99
54,19,298,99
54,19,299,99
54,19,300,99
54,19,301,99
54,19,302,99
54,19,303,99
54,19,304,99
54,19,305,99
54,19,306,99
54,19,307,99
54,19,308,99
54,19,309,99
54,19,310,99
54,19,311,99
54,19,312,99
54,19,313,99
54,19,314,99
54,19,315,99
54,19,316,99
54,19,317,99
54,19,318,99
54,19,319,99
54,19,320,99
54,19,321,99
54,19,322,99
54,19,323,99
54,19,324,99
54,19,325,99
54,19,326,99
54,19,327,99
54,19,328,99
54,19,329,99
54,19,330,99
54,19,331,99
54,19,332,99
54,19,333,99
54,19,334,99
54,19,335,99
54,19,336,99
54,19,337,99
54,19,338,99
54,19,339,99
54,19,340,99
54,19,341,99
54,19,342,99
54,19,343,99
54,19,344,99
54,19,345,99
54,19,346,99
54,19,347,99
54,19,348,99
54,19,349,99
54,19,350,99
54,19,351,99
54,19,352,99
54,19,353,99
54,19,354,99
54,19,355,99
54,19,356,99
54,19,357,99
54,19,358,99
54,19,359,99
54,19,360,99
54,19,361,99
54,19,362,99
54,19,363,99
54,19,364,99
54,19,365,99
54,19,366,99
54,19,367,99
54,19,368,99
54,19,369,99
54,19,370,99
54,19,371,99
54,19,372,99
54,19,373,99
54,19,374,99
54,19,375,99
54,19,376,99
54,19,377,99
54,19,378,99
54,19,379,99
54,19,380,99
54,19,381,99
54,19,382,99
54,19,383,99
54,19,384,99
54,19,385,99
54,19,386,99
54,19,387,99
54,19,388,99
54,19,389,99
54,19,390,99
54,19,391,99
54,19,392,99
54,19,393,99
54,19,394,99
54,19,395,99
54,19,396,99
54,19,397,99
54,19,398,99
54,19,399,99
54,19,400,99
54,19,401,99
54,19,402,99
54,19,403,99
54,19,404,99
54,19,405,99
54,19,406,99
54,19,407,99
54,19,408,99
54,19,409,99
54,19,410,99
54,19,411,99
54,19,412,99
54,19,413,99
54,19,414,99
54,19,415,99
54,19,416,99
54,19,417,99
54,19,418,99
54,19,419,99
54,19,420,99
54,19,421,99
54,19,422,99
54,19,423,99
54,19,424,99
54,19,425,99
54,19,426,99
54,19,427,99
54,19,428,99
54,19,429,99
54,19,430,99
54,19,431,99
54,19,432,99
54,19,433,99
54,19,434,99
54,19,435,99
54,19,436,99
54,19,437,99
54,19,438,99
54,19,439,99
54,19,440,99
54,19,441,99
54,19,442,99
54,19,443,99
54,19,444,99
54,19,445,99
54,19,446,99
54,19,447,99
54,19,448,99
54,19,449,99
54,19,450,99
54,19,451,99
54,19,452,99
54,19,453,99
54,19,454,99
54,19,455,99
54,19,456,99
54,19,457,99
54,19,458,99
54,19,459,99
54,19,460,99
54,19,461,99
54,19,462,99
54,19,463,99
54,19,464,99
54,19,465,99
54,19,466,99
54,19,467,99
54,19,468,99
54,19,469,99
54,19,470,99
54,19,471,99
54,19,472,99
54,19,473,99
54,19,474,99
54,19,475,99
54,19,476,99
54,19,477,99
54,19,478,99
54,19,479,99
54,19,480,99
54,19,481,99
54,19,482,99
54,19,483,99
54,19,484,99
54,19,485,99
54,19,486,99
54,19,487,99
54,19,488,99
54,19,489,99
54,19,490,99
54,19,491,99
54,19,492,99
54,19,493,99
54,19,494,99
54,19,495,99
54,19,496,99
54,19,497,99
54,19,498,99
54,19,499,99
54,20,0,1
54,20,1,10
54,20,2,29
54,20,3,50
54,20,4,83
54,20,5,96
54,20,6,99
54,20,7,99
54,20,8,99
54,20,9,99
54,20,10,99
54,20,11,99
54,20,12,99
54,20,13,99
54,20,14,99
54,20,15,99
54,20,16,99
54,20,17,99
54,20,18,99
54,20,19,99
54,20,20,99
54,20,21,99
54,20,22,99
54,20,23,99
54,20,24,99
54,20,25,99
54,20,26,99
54,20,27,99
54,20,28,99
54,20,29,99
54,20,30,99
54,20,31,99
54,20,32,99
54,20,33,99
54,20,34,99
54,20,35,99
54,20,36,99
54,20,37,99
54,20,38,99
54,20,39,99
54,20,40,99
54,20,41,99
54,20,42,99
54,20,43,99
54,20,44,99
54,20,45,99
54,20,46,99
54,20,47,99
54,20,48,99
54,20,49,99
54,20,50,99
54,20,51,99
54,20,52,99
54,20,53,99
54,20,54,99
54,20,55,99
54,20,56,99
54,20,57,99
54,20,58,99
54,20,59,99
54,20,60,99
54,20,61,99
54,20,62,99
54,20,63,99
54,20,64,99
54,20,65,99
54,20,66,99
54,20,67,99
54,20,68,99
54,20,69,99
54,20,70,99
54,20,71,99
54,20,72,99
54,20,73,99
54,20,74,99
54,20,75,99
54,20,76,99
54,20,77,99
54,20,78,99
54,20,79,99
54,20,80,99
54,20,81,99
54,20,82,99
54,20,83,99
54,20,84,99
54,20,85,99
54,20,86,99
54,20,87,99
54,20,88,99
54,20,89,99
54,20,90,99
54,20,91,99
54,20,92,99
54,20,93,99
54,20,94,99
54,20,95,99
54,20,96,99
54,20,97,99
54,20,98,99
54,20,99,99
54,20,100,99
54,20,101,99
54,20,102,99
54,20,103,99
54,20,104,99
54,20,105,99
54,20,106,99
54,20,107,99
54,20,108,99
54,20,109,99
54,20,110,99
54,20,111,99
54,20,112,99
54,20,113,99
54,20,114,99
54,20,115,99
54,20,116,99
54,20,117,99
54,20,118,99
54,20,119,99
54,20,120,99
54,20,121,99
54,20,122,99
54,20,123,99
54,20,124,99
54,20,125,99
54,20,126,99
54,20,127,99
54,20,128,99
54,20,129,99
54,20,130,99
54,20,131,99
54,20,132,99
54,20,133,99
54,20,134,99
54,20,135,99
54,20,136,99
54,20,137,99
54,20,138,99
54,20,139,99
54,20,140,99
54,20,141,99
54,20,142,99
54,20,143,99
54,20,144,99
54,20,145,99
54,20,146,99
54,20,147,99
54,20,148,99
54,20,149,99
54,20,150,99
54,20,151,99
54,20,152,99
54,20,153,99
54,20,154,99
54,20,155,99
54,20,156,99
54,20,157,99
54,20,158,99
54,20,159,99
54,20,160,99
54,20,161,99
54,20,162,99
54,20,163,99
54,20,164,99
54,20,165,99
54,20,166,99
54,20,167,99
54,20,168,99
54,20,169,99
54,20,170,99
54,20,171,99
54,20,172,99
54,20,173,99
54,20,174,99
54,20,175,99
54,20,176,99
54,20,177,99
54,20,178,99
54,20,179,99
54,20,180,99
54,20,181,99
54,20,182,99
54,20,183,99
54,20,184,99
54,20,185,99
54,20,186,99
54,20,187,99
54,20,188,99
54,20,189,99
54,20,190,99
54,20,191,99
54,20,192,99
54,20,193,99
54,20,194,99
54,20,195,99
54,20,196,99
54,20,197,99
54,20,198,99
54,20,199,99
54,20,200,99
54,20,201,99
54,20,202,99
54,20,203,99
54,20,204,99
54,20,205,99
54,20,206,99
54,20,207,99
54,20,208,99
54,20,209,99
54,20,210,99
54,20,211,99
54,20,212,99
54,20,213,99
54,20,214,99
54,20,215,99
54,20,216,99
54,20,217,99
54,20,218,99
54,20,219,99
54,20,220,99
54,20,221,99
54,20,222,99
54,20,223,99
54,20,224,99
54,20,225,99
54,20,226,99
54,20,227,99
54,20,228,99
54,20,229,99
54,20,230,99
54,20,231,99
54,20,232,99
54,20,233,99
54,20,234,99
54,20,235,99
54,20,236,99
54,20,237,99
54,20,238,99
54,20,239,99
54,20,240,99
54,20,241,99
54,20,242,99
54,20,243,99
54,20,244,99
54,20,245,99
54,20,246,99
54,20,247,99
54,20,248,99
54,20,249,99
54,20,250,99
54,20,251,99
54,20,252,99
54,20,253,99
54,20,254,99
54,20,255,99
54,20,256,99
54,20,257,99
54,20,258,99
54,20,259,99
54,20,260,99
54,20,261,99
54,20,262,99
54,20,263,99
54,20,264,99
54,20,265,99
54,20,266,99
54,20,267,99
54,20,268,99
54,20,269,99
54,20,270,99
54,20,271,99
54,20,272,99
54,20,273,99
54,20,274,99
54,20,275,99
54,20,276,99
54,20,277,99
54,20,278,99
54,20,279,99
54,20,280,99
54,20,281,99
54,20,282,99
54,20,283,99
54,20,284,99
54,20,285,99
54,20,286,99
54,20,287,99
54,20,288,99
54,20,289,99
54,20,290,99
54,20,291,99
54,20,292,99
54,20,293,99
54,20,294,99
54,20,295,99
54,20,296,99
54,20,297,99
54,20,298,99
54,20,299,99
54,20,300,99
54,20,301,99
54,20,302,99
54,20,303,99
54,20,304,99
54,20,305,99
54,20,306,99
54,20,307,99
54,20,308,99
54,20,309,99
54,20,310,99
54,20,311,99
54,20,312,99
54,20,313,99
54,20,314,99
54,20,315,99
54,20,316,99
54,20,317,99
54,20,318,99
54,20,319,99
54,20,320,99
54,20,321,99
54,20,322,99
54,20,323,99
54,20,324,99
54,20,325,99
54,20,326,99
54,20,327,99
54,20,328,99
54,20,329,99
54,20,330,99
54,20,331,99
54,20,332,99
54,20,333,99
54,20,334,99
54,20,335,99
54,20,336,99
54,20,337,99
54,20,338,99
54,20,339,99
54,20,340,99
54,20,341,99
54,20,342,99
54,20,343,99
54,20,344,99
54,20,345,99
54,20,346,99
54,20,347,99
54,20,348,99
54,20,349,99
54,20,350,99
54,20,351,99
54,20,352,99
54,20,353,99
54,20,354,99
54,20,355,99
54,20,356,99
54,20,357,99
54,20,358,99
54,20,359,99
54,20,360,99
54,20,361,99
54,20,362,99
54,20,363,99
54,20,364,99
54,20,365,99
54,20,366,99
54,20,367,99
54,20,368,99
54,20,369,99
54,20,370,99
54,20,371,99
54,20,372,99
54,20,373,99
54,20,374,99
54,20,375,99
54,20,376,99
54,20,377,99
54,20,378,99
54,20,379,99
54,20,380,99
54,20,381,99
54,20,382,99
54,20,383,99
54,20,384,99
54,20,385,99
54,20,386,99
54,20,387,99
54,20,388,99
54,20,389,99
54,20,390,99
54,20,391,99
54,20,392,99
54,20,393,99
54,20,394,99
54,20,395,99
54,20,396,99
54,20,397,99
54,20,398,99
54,20,399,99
54,20,400,99
54,20,401,99
54,20,402,99
54,20,403,99
54,20,404,99
54,20,405,99
54,20,406,99
54,20,407,99
54,20,408,99
54,20,409,99
54,20,410,99
54,20,411,99
54,20,412,99
54,20,413,99
54,20,414,99
54,20,415,99
54,20,416,99
54,20,417,99
54,20,418,99
54,20,419,99
54,20,420,99
54,20,421,99
54,20,422,99
54,20,423,99
54,20,424,99
54,20,425,99
54,20,426,99
54,20,427,99
54,20,428,99
54,20,429,99
54,20,430,99
54,20,431,99
54,20,432,99
54,20,433,99
54,20,434,99
54,20,435,99
54,20,436,99
54,20,437,99
54,20,438,99
54,20,439,99
54,20,440,99
54,20,441,99
54,20,442,99
54,20,443,99
54,20,444,99
54,20,445,99
54,20,446,99
54,20,447,99
54,20,448,99
54,20,449,99
54,20,450,99
54,20,451,99
54,20,452,99
54,20,453,99
54,20,454,99
54,20,455,99
54,20,456,99
54,20,457,99
54,20,458,99
54,20,459,99
54,20,460,99
54,20,461,99
54,20,462,99
54,20,463,99
54,20,464,99
54,20,465,99
54,20,466,99
54,20,467,99
54,20,468,99
54,20,469,99
54,20,470,99
54,20,471,99
54,20,472,99
54,20,473,99
54,20,474,99
54,20,475,99
54,20,476,99
54,20,477,99
54,20,478,99
54,20,479,99
54,20,480,99
54,20,481,99
54,20,482,99
54,20,483,99
54,20,484,99
54,20,485,99
54,20,486,99
54,20,487,99
54,20,488,99
54,20,489,99
54,20,490,99
54,20,491,99
54,20,492,99
54,20,493,99
54,20,494,99
54,20,495,99
54,20,496,99
54,20,497,99
54,20,498,99
54,20,499,99
54,21,0,1
54,21,1,12
54,21,2,41
54,21,3,72
54,21,4,82
54,21,5,97
54,21,6,99
54,21,7,99
54,21,8,99
54,21,9,99
54,21,10,99
54,21,11,99
54,21,12,99
54,21,13,99
54,21,14,99
54,21,15,99
54,21,16,99
54,21,17,99
54,21,18,99
54,21,19,99
54,21,20,99
54,21,21,99
54,21,22,99
54,21,23,99
54,21,24,99
54,21,25,99
54,21,26,99
54,21,27,99
54,21,28,99
54,21,29,99
54,21,30,99
54,21,31,99
54,21,32,99
54,21,33,99
54,21,34,99
54,21,35,99
54,21,36,99
54,21,37,99
54,21,38,99
54,21,39,99
54,21,40,99
54,21,41,99
54,21,42,99
54,21,43,99
54,21,44,99
54,21,45,99
54,21,46,99
54,21,47,99
54,21,48,99
54,21,49,99
54,21,50,99
54,21,51,99
54,21,52,99
54,21,53,99
54,21,54,99
54,21,55,99
54,21,56,99
54,21,57,99
54,21,58,99
54,21,59,99
54,21,60,99
54,21,61,99
54,21,62,99
54,21,63,99
54,21,64,99
54,21,65,99
54,21,66,99
54,21,67,99
54,21,68,99
54,21,69,99
54,21,70,99
54,21,71,99
54,21,72,99
54,21,73,99
54,21,74,99
54,21,75,99
54,21,76,99
54,21,77,99
54,21,78,99
54,21,79,99
54,21,80,99
54,21,81,99
54,21,82,99
54,21,83,99
54,21,84,99
54,21,85,99
54,21,86,99
54,21,87,99
54,21,88,99
54,21,89,99
54,21,90,99
54,21,91,99
54,21,92,99
54,21,93,99
54,21,94,99
54,21,95,99
54,21,96,99
54,21,97,99
54,21,98,99
54,21,99,99
54,21,100,99
54,21,101,99
54,21,102,99
54,21,103,99
54,21,104,99
54,21,105,99
54,21,106,99
54,21,107,99
54,21,108,99
54,21,109,99
54,21,110,99
54,21,111,99
54,21,112,99
54,21,113,99
54,21,114,99
54,21,115,99
54,21,116,99
54,21,117,99
54,21,118,99
54,21,119,99
54,21,120,99
54,21,121,99
54,21,122,99
54,21,123,99
54,21,124,99
54,21,125,99
54,21,126,99
54,21,127,99
54,21,128,99
54,21,129,99
54,21,130,99
54,21,131,99
54,21,132,99
54,21,133,99
54,21,134,99
54,21,135,99
54,21,136,99
54,21,137,99
54,21,138,99
54,21,139,99
54,21,140,99
54,21,141,99
54,21,142,99
54,21,143,99
54,21,144,99
54,21,145,99
54,21,146,99
54,21,147,99
54,21,148,99
54,21,149,99
54,21,150,99
54,21,151,99
54,21,152,99
54,21,153,99
54,21,154,99
54,21,155,99
54,21,156,99
54,21,157,99
54,21,158,99
54,21,159,99
54,21,160,99
54,21,161,99
54,21,162,99
54,21,163,99
54,21,164,99
54,21,165,99
54,21,166,99
54,21,167,99
54,21,168,99
54,21,169,99
54,21,170,99
54,21,171,99
54,21,172,99
54,21,173,99
54,21,174,99
54,21,175,99
54,21,176,99
54,21,177,99
54,21,178,99
54,21,179,99
54,21,180,99
54,21,181,99
54,21,182,99
54,21,183,99
54,21,184,99
54,21,185,99
54,21,186,99
54,21,187,99
54,21,188,99
54,21,189,99
54,21,190,99
54,21,191,99
54,21,192,99
54,21,193,99
54,21,194,99
54,21,195,99
54,21,196,99
54,21,197,99
54,21,198,99
54,21,199,99
54,21,200,99
54,21,201,99
54,21,202,99
54,21,203,99
54,21,204,99
54,21,205,99
54,21,206,99
54,21,207,99
54,21,208,99
54,21,209,99
54,21,210,99
54,21,211,99
54,21,212,99
54,21,213,99
54,21,214,99
54,21,215,99
54,21,216,99
54,21,217,99
54,21,218,99
54,21,219,99
54,21,220,99
54,21,221,99
54,21,222,99
54,21,223,99
54,21,224,99
54,21,225,99
54,21,226,99
54,21,227,99
54,21,228,99
54,21,229,99
54,21,230,99
54,21,231,99
54,21,232,99
54,21,233,99
54,21,234,99
54,21,235,99
54,21,236,99
54,21,237,99
54,21,238,99
54,21,239,99
54,21,240,99
54,21,241,99
54,21,242,99
54,21,243,99
54,21,244,99
54,21,245,99
54,21,246,99
54,21,247,99
54,21,248,99
54,21,249,99
54,21,250,99
54,21,251,99
54,21,252,99
54,21,253,99
54,21,254,99
54,21,255,99
54,21,256,99
54,21,257,99
54,21,258,99
54,21,259,99
54,21,260,99
54,21,261,99
54,21,262,99
54,21,263,99
54,21,264,99
54,21,265,99
54,21,266,99
54,21,267,99
54,21,268,99
54,21,269,99
54,21,270,99
54,21,271,99
54,21,272,99
54,21,273,99
54,21,274,99
54,21,275,99
54,21,276,99
54,21,277,99
54,21,278,99
54,21,279,99
54,21,280,99
54,21,281,99
54,21,282,99
54,21,283,99
54,21,284,99
54,21,285,99
54,21,286,99
54,21,287,99
54,21,288,99
54,21,289,99
54,21,290,99
54,21,291,99
54,21,292,99
54,21,293,99
54,21,294,99
54,21,295,99
54,21,296,99
54,21,297,99
54,21,298,99
54,21,299,99
54,21,300,99
54,21,301,99
54,21,302,99
54,21,303,99
54,21,304,99
54,21,305,99
54,21,306,99
54,21,307,99
54,21,308,99
54,21,309,99
54,21,310,99
54,21,311,99
54,21,312,99
54,21,313,99
54,21,314,99
54,21,315,99
54,21,316,99
54,21,317,99
54,21,318,99
54,21,319,99
54,21,320,99
54,21,321,99
54,21,322,99
54,21,323,99
54,21,324,99
54,21,325,99
54,21,326,99
54,21,327,99
54,21,328,99
54,21,329,99
54,21,330,99
54,21,331,99
54,21,332,99
54,21,333,99
54,21,334,99
54,21,335,99
54,21,336,99
54,21,337,99
54,21,338,99
54,21,339,99
54,21,340,99
54,21,341,99
54,21,342,99
54,21,343,99
54,21,344,99
54,21,345,99
54,21,346,99
54,21,347,99
54,21,348,99
54,21,349,99
54,21,350,99
54,21,351,99
54,21,352,99
54,21,353,99
54,21,354,99
54,21,355,99
54,21,356,99
54,21,357,99
54,21,358,99
54,21,359,99
54,21,360,99
54,21,361,99
54,21,362,99
54,21,363,99
54,21,364,99
54,21,365,99
54,21,366,99
54,21,367,99
54,21,368,99
54,21,369,99
54,21,370,99
54,21,371,99
54,21,372,99
54,21,373,99
54,21,374,99
54,21,375,99
54,21,376,99
54,21,377,99
54,21,378,99
54,21,379,99
54,21,380,99
54,21,381,99
54,21,382,99
54,21,383,99
54,21,384,99
54,21,385,99
54,21,386,99
54,21,387,99
54,21,388,99
54,21,389,99
54,21,390,99
54,21,391,99
54,21,392,99
54,21,393,99
54,21,394,99
54,21,395,99
54,21,396,99
54,21,397,99
54,21,398,99
54,21,399,99
54,21,400,99
54,21,401,99
54,21,402,99
54,21,403,99
54,21,404,99
54,21,405,99
54,21,406,99
54,21,407,99
54,21,408,99
54,21,409,99
54,21,410,99
54,21,411,99
54,21,412,99
54,21,413,99
54,21,414,99
54,21,415,99
54,21,416,99
54,21,417,99
54,21,418,99
54,21,419,99
54,21,420,99
54,21,421,99
54,21,422,99
54,21,423,99
54,21,424,99
54,21,425,99
54,21,426,99
54,21,427,99
54,21,428,99
54,21,429,99
54,21,430,99
54,21,431,99
54,21,432,99
54,21,433,99
54,21,434,99
54,21,435,99
54,21,436,99
54,21,437,99
54,21,438,99
54,21,439,99
54,21,440,99
54,21,441,99
54,21,442,99
54,21,443,99
54,21,444,99
54,21,445,99
54,21,446,99
54,21,447,99
54,21,448,99
54,21,449,99
54,21,450,99
54,21,451,99
54,21,452,99
54,21,453,99
54,21,454,99
54,21,455,99
54,21,456,99
54,21,457,99
54,21,458,99
54,21,459,99
54,21,460,99
54,21,461,99
54,21,462,99
54,21,463,99
54,21,464,99
54,21,465,99
54,21,466,99
54,21,467,99
54,21,468,99
54,21,469,99
54,21,470,99
54,21,471,99
54,21,472,99
54,21,473,99
54,21,474,99
54,21,475,99
54,21,476,99
54,21,477,99
54,21,478,99
54,21,479,99
54,21,480,99
54,21,481,99
54,21,482,99
54,21,483,99
54,21,484,99
54,21,485,99
54,21,486,99
54,21,487,99
54,21,488,99
54,21,489,99
54,21,490,99
54,21,491,99
54,21,492,99
54,21,493,99
54,21,494,99
54,21,495,99
54,21,496,99
54,21,497,99
54,21,498,99
54,21,499,99
54,22,0,1
54,22,1,13
54,22,2,36
54,22,3,70
54,22,4,90
54,22,5,99
54,22,6,99
54,22,7,99
54,22,8,99
54,22,9,99
54,22,10,99
54,22,11,99
54,22,12,99
54,22,13,99
54,22,14,99
54,22,15,99
54,22,16,99
54,22,17,99
54,22,18,99
54,22,19,99
54,22,20,99
54,22,21,99
54,22,22,99
54,22,23,99
54,22,24,99
54,22,25,99
54,22,26,99
54,22,27,99
54,22,28,99
54,22,29,99
54,22,30,99
54,22,31,99
54,22,32,99
54,22,33,99
54,22,34,99
54,22,35,99
54,22,36,99
54,22,37,99
54,22,38,99
54,22,39,99
54,22,40,99
54,22,41,99
54,22,42,99
54,22,43,99
54,22,44,99
54,22,45,99
54,22,46,99
54,22,47,99
54,22,48,99
54,22,49,99
54,22,50,99
54,22,51,99
54,22,52,99
54,22,53,99
54,22,54,99
54,22,55,99
54,22,56,99
54,22,57,99
54,22,58,99
54,22,59,99
54,22,60,99
54,22,61,99
54,22,62,99
54,22,63,99
54,22,64,99
54,22,65,99
54,22,66,99
54,22,67,99
54,22,68,99
54,22,69,99
54,22,70,99
54,22,71,99
54,22,72,99
54,22,73,99
54,22,74,99
54,22,75,99
54,22,76,99
54,22,77,99
54,22,78,99
54,22,79,99
54,22,80,99
54,22,81,99
54,22,82,99
54,22,83,99
54,22,84,99
54,22,85,99
54,22,86,99
54,22,87,99
54,22,88,99
54,22,89,99
54,22,90,99
54,22,91,99
54,22,92,99
54,22,93,99
54,22,94,99
54,22,95,99
54,22,96,99
54,22,97,99
54,22,98,99
54,22,99,99
54,22,100,99
54,22,101,99
54,22,102,99
54,22,103,99
54,22,104,99
54,22,105,99
54,22,106,99
54,22,107,99
54,22,108,99
54,22,109,99
54,22,110,99
54,22,111,99
54,22,112,99
54,22,113,99
54,22,114,99
54,22,115,99
54,22,116,99
54,22,117,99
54,22,118,99
54,22,119,99
54,22,120,99
54,22,121,99
54,22,122,99
54,22,123,99
54,22,124,99
54,22,125,99
54,22,126,99
54,22,127,99
54,22,128,99
54,22,129,99
54,22,130,99
54,22,131,99
54,22,132,99
54,22,133,99
54,22,134,99
54,22,135,99
54,22,136,99
54,22,137,99
54,22,138,99
54,22,139,99
54,22,140,99
54,22,141,99
54,22,142,99
54,22,143,99
54,22,144,99
54,22,145,99
54,22,146,99
54,22,147,99
54,22,148,99
54,22,149,99
54,22,150,99
54,22,151,99
54,22,152,99
54,22,153,99
54,22,154,99
54,22,155,99
54,22,156,99
54,22,157,99
54,22,158,99
54,22,159,99
54,22,160,99
54,22,161,99
54,22,162,99
54,22,163,99
54,22,164,99
54,22,165,99
54,22,166,99
54,22,167,99
54,22,168,99
54,22,169,99
54,22,170,99
54,22,171,99
54,22,172,99
54,22,173,99
54,22,174,99
54,22,175,99
54,22,176,99
54,22,177,99
54,22,178,99
54,22,179,99
54,22,180,99
54,22,181,99
54,22,182,99
54,22,183,99
54,22,184,99
54,22,185,99
54,22,186,99
54,22,187,99
54,22,188,99
54,22,189,99
54,22,190,99
54,22,191,99
54,22,192,99
54,22,193,99
54,22,194,99
54,22,195,99
54,22,196,99
54,22,197,99
54,22,198,99
54,22,199,99
54,22,200,99
54,22,201,99
54,22,202,99
54,22,203,99
54,22,204,99
54,22,205,99
54,22,206,99
54,22,207,99
54,22,208,99
54,22,209,99
54,22,210,99
54,22,211,99
54,22,212,99
54,22,213,99
54,22,214,99
54,22,215,99
54,22,216,99
54,22,217,99
54,22,218,99
54,22,219,99
54,22,220,99
54,22,221,99
54,22,222,99
54,22,223,99
54,22,224,99
54,22,225,99
54,22,226,99
54,22,227,99
54,22,228,99
54,22,229,99
54,22,230,99
54,22,231,99
54,22,232,99
54,22,233,99
54,22,234,99
54,22,235,99
54,22,236,99
54,22,237,99
54,22,238,99
54,22,239,99
54,22,240,99
54,22,241,99
54,22,242,99
54,22,243,99
54,22,244,99
54,22,245,99
54,22,246,99
54,22,247,99
54,22,248,99
54,22,249,99
54,22,250,99
54,22,251,99
54,22,252,99
54,22,253,99
54,22,254,99
54,22,255,99
54,22,256,99
54,22,257,99
54,22,258,99
54,22,259,99
54,22,260,99
54,22,261,99
54,22,262,99
54,22,263,99
54,22,264,99
54,22,265,99
54,22,266,99
54,22,267,99
54,22,268,99
54,22,269,99
54,22,270,99
54,22,271,99
54,22,272,99
54,22,273,99
54,22,274,99
54,22,275,99
54,22,276,99
54,22,277,99
54,22,278,99
54,22,279,99
54,22,280,99
54,22,281,99
54,22,282,99
54,22,283,99
54,22,284,99
54,22,285,99
54,22,286,99
54,22,287,99
54,22,288,99
54,22,289,99
54,22,290,99
54,22,291,99
54,22,292,99
54,22,293,99
54,22,294,99
54,22,295,99
54,22,296,99
54,22,297,99
54,22,298,99
54,22,299,99
54,22,300,99
54,22,301,99
54,22,302,99
54,22,303,99
54,22,304,99
54,22,305,99
54,22,306,99
54,22,307,99
54,22,308,99
54,22,309,99
54,22,310,99
54,22,311,99
54,22,312,99
54,22,313,99
54,22,314,99
54,22,315,99
54,22,316,99
54,22,317,99
54,22,318,99
54,22,319,99
54,22,320,99
54,22,321,99
54,22,322,99
54,22,323,99
54,22,324,99
54,22,325,99
54,22,326,99
54,22,327,99
54,22,328,99
54,22,329,99
54,22,330,99
54,22,331,99
54,22,332,99
54,22,333,99
54,22,334,99
54,22,335,99
54,22,336,99
54,22,337,99
54,22,338,99
54,22,339,99
54,22,340,99
54,22,341,99
54,22,342,99
54,22,343,99
54,22,344,99
54,22,345,99
54,22,346,99
54,22,347,99
54,22,348,99
54,22,349,99
54,22,350,99
54,22,351,99
54,22,352,99
54,22,353,99
54,22,354,99
54,22,355,99
54,22,356,99
54,22,357,99
54,22,358,99
54,22,359,99
54,22,360,99
54,22,361,99
54,22,362,99
54,22,363,99
54,22,364,99
54,22,365,99
54,22,366,99
54,22,367,99
54,22,368,99
54,22,369,99
54,22,370,99
54,22,371,99
54,22,372,99
54,22,373,99
54,22,374,99
54,22,375,99
54,22,376,99
54,22,377,99
54,22,378,99
54,22,379,99
54,22,380,99
54,22,381,99
54,22,382,99
54,22,383,99
54,22,384,99
54,22,385,99
54,22,386,99
54,22,387,99
54,22,388,99
54,22,389,99
54,22,390,99
54,22,391,99
54,22,392,99
54,22,393,99
54,22,394,99
54,22,395,99
54,22,396,99
54,22,397,99
54,22,398,99
54,22,399,99
54,22,400,99
54,22,401,99
54,22,402,99
54,22,403,99
54,22,404,99
54,22,405,99
54,22,406,99
54,22,407,99
54,22,408,99
54,22,409,99
54,22,410,99
54,22,411,99
54,22,412,99
54,22,413,99
54,22,414,99
54,22,415,99
54,22,416,99
54,22,417,99
54,22,418,99
54,22,419,99
54,22,420,99
54,22,421,99
54,22,422,99
54,22,423,99
54,22,424,99
54,22,425,99
54,22,426,99
54,22,427,99
54,22,428,99
54,22,429,99
54,22,430,99
54,22,431,99
54,22,432,99
54,22,433,99
54,22,434,99
54,22,435,99
54,22,436,99
54,22,437,99
54,22,438,99
54,22,439,99
54,22,440,99
54,22,441,99
54,22,442,99
54,22,443,99
54,22,444,99
54,22,445,99
54,22,446,99
54,22,447,99
54,22,448,99
54,22,449,99
54,22,450,99
54,22,451,99
54,22,452,99
54,22,453,99
54,22,454,99
54,22,455,99
54,22,456,99
54,22,457,99
54,22,458,99
54,22,459,99
54,22,460,99
54,22,461,99
54,22,462,99
54,22,463,99
54,22,464,99
54,22,465,99
54,22,466,99
54,22,467,99
54,22,468,99
54,22,469,99
54,22,470,99
54,22,471,99
54,22,472,99
54,22,473,99
54,22,474,99
54,22,475,99
54,22,476,99
54,22,477,99
54,22,478,99
54,22,479,99
54,22,480,99
54,22,481,99
54,22,482,99
54,22,483,99
54,22,484,99
54,22,485,99
54,22,486,99
54,22,487,99
54,22,488,99
54,22,489,99
54,22,490,99
54,22,491,99
54,22,492,99
54,22,493,99
54,22,494,99
54,22,495,99
54,22,496,99
54,22,497,99
54,22,498,99
54,22,499,99
54,23,0,1
54,23,1,11
54,23,2,25
54,23,3,45
54,23,4,64
54,23,5,80
54,23,6,96
54,23,7,99
54,23,8,99
54,23,9,99
54,23,10,99
54,23,11,99
54,23,12,99
54,23,13,99
54,23,14,99
54,23,15,99
54,23,16,99
54,23,17,99
54,23,18,99
54,23,19,99
54,23,20,99
54,23,21,99
54,23,22,99
54,23,23,99
54,23,24,99
54,23,25,99
54,23,26,99
54,23,27,99
54,23,28,99
54,23,29,99
54,23,30,99
54,23,31,99
54,23,32,99
54,23,33,99
54,23,34,99
54,23,35,99
54,23,36,99
54,23,37,99
54,23,38,99
54,23,39,99
54,23,40,99
54,23,41,99
54,23,42,99
54,23,43,99
54,23,44,99
54,23,45,99
54,23,46,99
54,23,47,99
54,23,48,99
54,23,49,99
54,23,50,99
54,23,51,99
54,23,52,99
54,23,53,99
54,23,54,99
54,23,55,99
54,23,56,99
54,23,57,99
54,23,58,99
54,23,59,99
54,23,60,99
54,23,61,99
54,23,62,99
54,23,63,99
54,23,64,99
54,23,65,99
54,23,66,99
54,23,67,99
54,23,68,99
54,23,69,99
54,23,70,99
54,23,71,99
54,23,72,99
54,23,73,99
54,23,74,99
54,23,75,99
54,23,76,99
54,23,77,99
54,23,78,99
54,23,79,99
54,23,80,99
54,23,81,99
54,23,82,99
54,23,83,99
54,23,84,99
54,23,85,99
54,23,86,99
54,23,87,99
54,23,88,99
54,23,89,99
54,23,90,99
54,23,91,99
54,23,92,99
54,23,93,99
54,23,94,99
54,23,95,99
54,23,96,99
54,23,97,99
54,23,98,99
54,23,99,99
54,23,100,99
54,23,101,99
54,23,102,99
54,23,103,99
54,23,104,99
54,23,105,99
54,23,106,99
54,23,107,99
54,23,108,99
54,23,109,99
54,23,110,99
54,23,111,99
54,23,112,99
54,23,113,99
54,23,114,99
54,23,115,99
54,23,116,99
54,23,117,99
54,23,118,99
54,23,119,99
54,23,120,99
54,23,121,99
54,23,122,99
54,23,123,99
54,23,124,99
54,23,125,99
54,23,126,99
54,23,127,99
54,23,128,99
54,23,129,99
54,23,130,99
54,23,131,99
54,23,132,99
54,23,133,99
54,23,134,99
54,23,135,99
54,23,136,99
54,23,137,99
54,23,138,99
54,23,139,99
54,23,140,99
54,23,141,99
54,23,142,99
54,23,143,99
54,23,144,99
54,23,145,99
54,23,146,99
54,23,147,99
54,23,148,99
54,23,149,99
54,23,150,99
54,23,151,99
54,23,152,99
54,23,153,99
54,23,154,99
54,23,155,99
54,23,156,99
54,23,157,99
54,23,158,99
54,23,159,99
54,23,160,99
54,23,161,99
54,23,162,99
54,23,163,99
54,23,164,99
54,23,165,99
54,23,166,99
54,23,167,99
54,23,168,99
54,23,169,99
54,23,170,99
54,23,171,99
54,23,172,99
54,23,173,99
54,23,174,99
54,23,175,99
54,23,176,99
54,23,177,99
54,23,178,99
54,23,179,99
54,23,180,99
54,23,181,99
54,23,182,99
54,23,183,99
54,23,184,99
54,23,185,99
54,23,186,99
54,23,187,99
54,23,188,99
54,23,189,99
54,23,190,99
54,23,191,99
54,23,192,99
54,23,193,99
54,23,194,99
54,23,195,99
54,23,196,99
54,23,197,99
54,23,198,99
54,23,199,99
54,23,200,99
54,23,201,99
54,23,202,99
54,23,203,99
54,23,204,99
54,23,205,99
54,23,206,99
54,23,207,99
54,23,208,99
54,23,209,99
54,23,210,99
54,23,211,99
54,23,212,99
54,23,213,99
54,23,214,99
54,23,215,99
54,23,216,99
54,23,217,99
54,23,218,99
54,23,219,99
54,23,220,99
54,23,221,99
54,23,222,99
54,23,223,99
54,23,224,99
54,23,225,99
54,23,226,99
54,23,227,99
54,23,228,99
54,23,229,99
54,23,230,99
54,23,231,99
54,23,232,99
54,23,233,99
54,23,234,99
54,23,235,99
54,23,236,99
54,23,237,99
54,23,238,99
54,23,239,99
54,23,240,99
54,23,241,99
54,23,242,99
54,23,243,99
54,23,244,99
54,23,245,99
54,23,246,99
54,23,247,99
54,23,248,99
54,23,249,99
54,23,250,99
54,23,251,99
54,23,252,99
54,23,253,99
54,23,254,99
54,23,255,99
54,23,256,99
54,23,257,99
54,23,258,99
54,23,259,99
54,23,260,99
54,23,261,99
54,23,262,99
54,23,263,99
54,23,264,99
54,23,265,99
54,23,266,99
54,23,267,99
54,23,268,99
54,23,269,99
54,23,270,99
54,23,271,99
54,23,272,99
54,23,273,99
54,23,274,99
54,23,275,99
54,23,276,99
54,23,277,99
54,23,278,99
54,23,279,99
54,23,280,99
54,23,281,99
54,23,282,99
54,23,283,99
54,23,284,99
54,23,285,99
54,23,286,99
54,23,287,99
54,23,288,99
54,23,289,99
54,23,290,99
54,23,291,99
54,23,292,99
54,23,293,99
54,23,294,99
54,23,295,99
54,23,296,99
54,23,297,99
54,23,298,99
54,23,299,99
54,23,300,99
54,23,301,99
54,23,302,99
54,23,303,99
54,23,304,99
54,23,305,99
54,23,306,99
54,23,307,99
54,23,308,99
54,23,309,99
54,23,310,99
54,23,311,99
54,23,312,99
54,23,313,99
54,23,314,99
54,23,315,99
54,23,316,99
54,23,317,99
54,23,318,99
54,23,319,99
54,23,320,99
54,23,321,99
54,23,322,99
54,23,323,99
54,23,324,99
54,23,325,99
54,23,326,99
54,23,327,99
54,23,328,99
54,23,329,99
54,23,330,99
54,23,331,99
54,23,332,99
54,23,333,99
54,23,334,99
54,23,335,99
54,23,336,99
54,23,337,99
54,23,338,99
54,23,339,99
54,23,340,99
54,23,341,99
54,23,342,99
54,23,343,99
54,23,344,99
54,23,345,99
54,23,346,99
54,23,347,99
54,23,348,99
54,23,349,99
54,23,350,99
54,23,351,99
54,23,352,99
54,23,353,99
54,23,354,99
54,23,355,99
54,23,356,99
54,23,357,99
54,23,358,99
54,23,359,99
54,23,360,99
54,23,361,99
54,23,362,99
54,23,363,99
54,23,364,99
54,23,365,99
54,23,366,99
54,23,367,99
54,23,368,99
54,23,369,99
54,23,370,99
54,23,371,99
54,23,372,99
54,23,373,99
54,23,374,99
54,23,375,99
54,23,376,99
54,23,377,99
54,23,378,99
54,23,379,99
54,23,380,99
54,23,381,99
54,23,382,99
54,23,383,99
54,23,384,99
54,23,385,99
54,23,386,99
54,23,387,99
54,23,388,99
54,23,389,99
54,23,390,99
54,23,391,99
54,23,392,99
54,23,393,99
54,23,394,99
54,23,395,99
54,23,396,99
54,23,397,99
54,23,398,99
54,23,399,99
54,23,400,99
54,23,401,99
54,23,402,99
54,23,403,99
54,23,404,99
54,23,405,99
54,23,406,99
54,23,407,99
54,23,408,99
54,23,409,99
54,23,410,99
54,23,411,99
54,23,412,99
54,23,413,99
54,23,414,99
54,23,415,99
54,23,416,99
54,23,417,99
54,23,418,99
54,23,419,99
54,23,420,99
54,23,421,99
54,23,422,99
54,23,423,99
54,23,424,99
54,23,425,99
54,23,426,99
54,23,427,99
54,23,428,99
54,23,429,99
54,23,430,99
54,23,431,99
54,23,432,99
54,23,433,99
54,23,434,99
54,23,435,99
54,23,436,99
54,23,437,99
54,23,438,99
54,23,439,99
54,23,440,99
54,23,441,99
54,23,442,99
54,23,443,99
54,23,444,99
54,23,445,99
54,23,446,99
54,23,447,99
54,23,448,99
54,23,449,99
54,23,450,99
54,23,451,99
54,23,452,99
54,23,453,99
54,23,454,99
54,23,455,99
54,23,456,99
54,23,457,99
54,23,458,99
54,23,459,99
54,23,460,99
54,23,461,99
54,23,462,99
54,23,463,99
54,23,464,99
54,23,465,99
54,23,466,99
54,23,467,99
54,23,468,99
54,23,469,99
54,23,470,99
54,23,471,99
54,23,472,99
54,23,473,99
54,23,474,99
54,23,475,99
54,23,476,99
54,23,477,99
54,23,478,99
54,23,479,99
54,23,480,99
54,23,481,99
54,23,482,99
54,23,483,99
54,23,484,99
54,23,485,99
54,23,486,99
54,23,487,99
54,23,488,99
54,23,489,99
54,23,490,99
54,23,491,99
54,23,492,99
54,23,493,99
54,23,494,99
54,23,495,99
54,23,496,99
54,23,497,99
54,23,498,99
54,23,499,99
54,24,0,1
54,24,1,8
54,24,2,19
54,24,3,35
54,24,4,49
54,24,5,78
54,24,6,94
54,24,7,98
54,24,8,99
54,24,9,99
54,24,10,99
54,24,11,99
54,24,12,99
54,24,13,99
54,24,14,99
54,24,15,99
54,24,16,99
54,24,17,99
54,24,18,99
54,24,19,99
54,24,20,99
54,24,21,99
54,24,22,99
54,24,23,99
54,24,24,99
54,24,25,99
54,24,26,99
54,24,27,99
54,24,28,99
54,24,29,99
54,24,30,99
54,24,31,99
54,24,32,99
54,24,33,99
54,24,34,99
54,24,35,99
54,24,36,99
54,24,37,99
54,24,38,99
54,24,39,99
54,24,40,99
54,24,41,99
54,24,42,99
54,24,43,99
54,24,44,99
54,24,45,99
54,24,46,99
54,24,47,99
54,24,48,99
54,24,49,99
54,24,50,99
54,24,51,99
54,24,52,99
54,24,53,99
54,24,54,99
54,24,55,99
54,24,56,99
54,24,57,99
54,24,58,99
54,24,59,99
54,24,60,99
54,24,61,99
54,24,62,99
54,24,63,99
54,24,64,99
54,24,65,99
54,24,66,99
54,24,67,99
54,24,68,99
54,24,69,99
54,24,70,99
54,24,71,99
54,24,72,99
54,24,73,99
54,24,74,99
54,24,75,99
54,24,76,99
54,24,77,99
54,24,78,99
54,24,79,99
54,24,80,99
54,24,81,99
54,24,82,99
54,24,83,99
54,24,84,99
54,24,85,99
54,24,86,99
54,24,87,99
54,24,88,99
54,24,89,99
54,24,90,99
54,24,91,99
54,24,92,99
54,24,93,99
54,24,94,99
54,24,95,99
54,24,96,99
54,24,97,99
54,24,98,99
54,24,99,99
54,24,100,99
54,24,101,99
54,24,102,99
54,24,103,99
54,24,104,99
54,24,105,99
54,24,106,99
54,24,107,99
54,24,108,99
54,24,109,99
54,24,110,99
54,24,111,99
54,24,112,99
54,24,113,99
54,24,114,99
54,24,115,99
54,24,116,99
54,24,117,99
54,24,118,99
54,24,119,99
54,24,120,99
54,24,121,99
54,24,122,99
54,24,123,99
54,24,124,99
54,24,125,99
54,24,126,99
54,24,127,99
54,24,128,99
54,24,129,99
54,24,130,99
54,24,131,99
54,24,132,99
54,24,133,99
54,24,134,99
54,24,135,99
54,24,136,99
54,24,137,99
54,24,138,99
54,24,139,99
54,24,140,99
54,24,141,99
54,24,142,99
54,24,143,99
54,24,144,99
54,24,145,99
54,24,146,99
54,24,147,99
54,24,148,99
54,24,149,99
54,24,150,99
54,24,151,99
54,24,152,99
54,24,153,99
54,24,154,99
54,24,155,99
54,24,156,99
54,24,157,99
54,24,158,99
54,24,159,99
54,24,160,99
54,24,161,99
54,24,162,99
54,24,163,99
54,24,164,99
54,24,165,99
54,24,166,99
54,24,167,99
54,24,168,99
54,24,169,99
54,24,170,99
54,24,171,99
54,24,172,99
54,24,173,99
54,24,174,99
54,24,175,99
54,24,176,99
54,24,177,99
54,24,178,99
54,24,179,99
54,24,180,99
54,24,181,99
54,24,182,99
54,24,183,99
54,24,184,99
54,24,185,99
54,24,186,99
54,24,187,99
54,24,188,99
54,24,189,99
54,24,190,99
54,24,191,99
54,24,192,99
54,24,193,99
54,24,194,99
54,24,195,99
54,24,196,99
54,24,197,99
54,24,198,99
54,24,199,99
54,24,200,99
54,24,201,99
54,24,202,99
54,24,203,99
54,24,204,99
54,24,205,99
54,24,206,99
54,24,207,99
54,24,208,99
54,24,209,99
54,24,210,99
54,24,211,99
54,24,212,99
54,24,213,99
54,24,214,99
54,24,215,99
54,24,216,99
54,24,217,99
54,24,218,99
54,24,219,99
54,24,220,99
54,24,221,99
54,24,222,99
54,24,223,99
54,24,224,99
54,24,225,99
54,24,226,99
54,24,227,99
54,24,228,99
54,24,229,99
54,24,230,99
54,24,231,99
54,24,232,99
54,24,233,99
54,24,234,99
54,24,235,99
54,24,236,99
54,24,237,99
54,24,238,99
54,24,239,99
54,24,240,99
54,24,241,99
54,24,242,99
54,24,243,99
54,24,244,99
54,24,245,99
54,24,246,99
54,24,247,99
54,24,248,99
54,24,249,99
54,24,250,99
54,24,251,99
54,24,252,99
54,24,253,99
54,24,254,99
54,24,255,99
54,24,256,99
54,24,257,99
54,24,258,99
54,24,259,99
54,24,260,99
54,24,261,99
54,24,262,99
54,24,263,99
54,24,264,99
54,24,265,99
54,24,266,99
54,24,267,99
54,24,268,99
54,24,269,99
54,24,270,99
54,24,271,99
54,24,272,99
54,24,273,99
54,24,274,99
54,24,275,99
54,24,276,99
54,24,277,99
54,24,278,99
54,24,279,99
54,24,280,99
54,24,281,99
54,24,282,99
54,24,283,99
54,24,284,99
54,24,285,99
54,24,286,99
54,24,287,99
54,24,288,99
54,24,289,99
54,24,290,99
54,24,291,99
54,24,292,99
54,24,293,99
54,24,294,99
54,24,295,99
54,24,296,99
54,24,297,99
54,24,298,99
54,24,299,99
54,24,300,99
54,24,301,99
54,24,302,99
54,24,303,99
54,24,304,99
54,24,305,99
54,24,306,99
54,24,307,99
54,24,308,99
54,24,309,99
54,24,310,99
54,24,311,99
54,24,312,99
54,24,313,99
54,24,314,99
54,24,315,99
54,24,316,99
54,24,317,99
54,24,318,99
54,24,319,99
54,24,320,99
54,24,321,99
54,24,322,99
54,24,323,99
54,24,324,99
54,24,325,99
54,24,326,99
54,24,327,99
54,24,328,99
54,24,329,99
54,24,330,99
54,24,331,99
54,24,332,99
54,24,333,99
54,24,334,99
54,24,335,99
54,24,336,99
54,24,337,99
54,24,338,99
54,24,339,99
54,24,340,99
54,24,341,99
54,24,342,99
54,24,343,99
54,24,344,99
54,24,345,99
54,24,346,99
54,24,347,99
54,24,348,99
54,24,349,99
54,24,350,99
54,24,351,99
54,24,352,99
54,24,353,99
54,24,354,99
54,24,355,99
54,24,356,99
54,24,357,99
54,24,358,99
54,24,359,99
54,24,360,99
54,24,361,99
54,24,362,99
54,24,363,99
54,24,364,99
54,24,365,99
54,24,366,99
54,24,367,99
54,24,368,99
54,24,369,99
54,24,370,99
54,24,371,99
54,24,372,99
54,24,373,99
54,24,374,99
54,24,375,99
54,24,376,99
54,24,377,99
54,24,378,99
54,24,379,99
54,24,380,99
54,24,381,99
54,24,382,99
54,24,383,99
54,24,384,99
54,24,385,99
54,24,386,99
54,24,387,99
54,24,388,99
54,24,389,99
54,24,390,99
54,24,391,99
54,24,392,99
54,24,393,99
54,24,394,99
54,24,395,99
54,24,396,99
54,24,397,99
54,24,398,99
54,24,399,99
54,24,400,99
54,24,401,99
54,24,402,99
54,24,403,99
54,24,404,99
54,24,405,99
54,24,406,99
54,24,407,99
54,24,408,99
54,24,409,99
54,24,410,99
54,24,411,99
54,24,412,99
54,24,413,99
54,24,414,99
54,24,415,99
54,24,416,99
54,24,417,99
54,24,418,99
54,24,419,99
54,24,420,99
54,24,421,99
54,24,422,99
54,24,423,99
54,24,424,99
54,24,425,99
54,24,426,99
54,24,427,99
54,24,428,99
54,24,429,99
54,24,430,99
54,24,431,99
54,24,432,99
54,24,433,99
54,24,434,99
54,24,435,99
54,24,436,99
54,24,437,99
54,24,438,99
54,24,439,99
54,24,440,99
54,24,441,99
54,24,442,99
54,24,443,99
54,24,444,99
54,24,445,99
54,24,446,99
54,24,447,99
54,24,448,99
54,24,449,99
54,24,450,99
54,24,451,99
54,24,452,99
54,24,453,99
54,24,454,99
54,24,455,99
54,24,456,99
54,24,457,99
54,24,458,99
54,24,459,99
54,24,460,99
54,24,461,99
54,24,462,99
54,24,463,99
54,24,464,99
54,24,465,99
54,24,466,99
54,24,467,99
54,24,468,99
54,24,469,99
54,24,470,99
54,24,471,99
54,24,472,99
54,24,473,99
54,24,474,99
54,24,475,99
54,24,476,99
54,24,477,99
54,24,478,99
54,24,479,99
54,24,480,99
54,24,481,99
54,24,482,99
54,24,483,99
54,24,484,99
54,24,485,99
54,24,486,99
54,24,487,99
54,24,488,99
54,24,489,99
54,24,490,99
54,24,491,99
54,24,492,99
54,24,493,99
54,24,494,99
54,24,495,99
54,24,496,99
54,24,497,99
54,24,498,99
54,24,499,99
54,25,0,1
54,25,1,9
54,25,2,21
54,25,3,38
54,25,4,56
54,25,5,74
54,25,6,90
54,25,7,97
54,25,8,98
54,25,9,98
54,25,10,98
54,25,11,98
54,25,12,98
54,25,13,98
54,25,14,98
54,25,15,98
54,25,16,98
54,25,17,98
54,25,18,98
54,25,19,98
54,25,20,98
54,25,21,98
54,25,22,98
54,25,23,98
54,25,24,98
54,25,25,98
54,25,26,98
54,25,27,98
54,25,28,98
54,25,29,98
54,25,30,98
54,25,31,98
54,25,32,98
54,25,33,98
54,25,34,98
54,25,35,98
54,25,36,98
54,25,37,98
54,25,38,98
54,25,39,98
54,25,40,98
54,25,41,98
54,25,42,98
54,25,43,98
54,25,44,98
54,25,45,98
54,25,46,98
54,25,47,98
54,25,48,98
54,25,49,98
54,25,50,98
54,25,51,98
54,25,52,98
54,25,53,98
54,25,54,98
54,25,55,98
54,25,56,98
54,25,57,98
54,25,58,98
54,25,59,98
54,25,60,98
54,25,61,98
54,25,62,98
54,25,63,98
54,25,64,98
54,25,65,98
54,25,66,98
54,25,67,98
54,25,68,98
54,25,69,98
54,25,70,98
54,25,71,98
54,25,72,98
54,25,73,98
54,25,74,98
54,25,75,98
54,25,76,98
54,25,77,98
54,25,78,98
54,25,79,98
54,25,80,98
54,25,81,98
54,25,82,98
54,25,83,98
54,25,84,98
54,25,85,98
54,25,86,98
54,25,87,98
54,25,88,98
54,25,89,98
54,25,90,98
54,25,91,98
54,25,92,98
54,25,93,98
54,25,94,98
54,25,95,98
54,25,96,98
54,25,97,98
54,25,98,98
54,25,99,98
54,25,100,98
54,25,101,98
54,25,102,98
54,25,103,98
54,25,104,98
54,25,105,98
54,25,106,98
54,25,107,98
54,25,108,98
54,25,109,98
54,25,110,98
54,25,111,98
54,25,112,98
54,25,113,98
54,25,114,98
54,25,115,98
54,25,116,98
54,25,117,98
54,25,118,98
54,25,119,98
54,25,120,98
54,25,121,98
54,25,122,98
54,25,123,98
54,25,124,98
54,25,125,98
54,25,126,98
54,25,127,98
54,25,128,98
54,25,129,98
54,25,130,98
54,25,131,98
54,25,132,98
54,25,133,98
54,25,134,98
54,25,135,98
54,25,136,98
54,25,137,98
54,25,138,98
54,25,139,98
54,25,140,98
54,25,141,98
54,25,142,98
54,25,143,98
54,25,144,98
54,25,145,98
54,25,146,98
54,25,147,98
54,25,148,98
54,25,149,98
54,25,150,98
54,25,151,98
54,25,152,98
54,25,153,98
54,25,154,98
54,25,155,98
54,25,156,98
54,25,157,98
54,25,158,98
54,25,159,98
54,25,160,98
54,25,161,98
54,25,162,98
54,25,163,98
54,25,164,98
54,25,165,98
54,25,166,98
54,25,167,98
54,25,168,98
54,25,169,98
54,25,170,98
54,25,171,98
54,25,172,98
54,25,173,98
54,25,174,98
54,25,175,98
54,25,176,98
54,25,177,98
54,25,178,98
54,25,179,98
54,25,180,98
54,25,181,98
54,25,182,98
54,25,183,98
54,25,184,98
54,25,185,98
54,25,186,98
54,25,187,98
54,25,188,98
54,25,189,98
54,25,190,98
54,25,191,98
54,25,192,98
54,25,193,98
54,25,194,98
54,25,195,98
54,25,196,98
54,25,197,98
54,25,198,98
54,25,199,98
54,25,200,98
54,25,201,98
54,25,202,98
54,25,203,98
54,25,204,98
54,25,205,98
54,25,206,98
54,25,207,98
54,25,208,98
54,25,209,98
54,25,210,98
54,25,211,98
54,25,212,98
54,25,213,98
54,25,214,98
54,25,215,98
54,25,216,98
54,25,217,98
54,25,218,98
54,25,219,98
54,25,220,98
54,25,221,98
54,25,222,98
54,25,223,98
54,25,224,98
54,25,225,98
54,25,226,98
54,25,227,98
54,25,228,98
54,25,229,98
54,25,230,98
54,25,231,98
54,25,232,98
54,25,233,98
54,25,234,98
54,25,235,98
54,25,236,98
54,25,237,98
54,25,238,98
54,25,239,98
54,25,240,98
54,25,241,98
54,25,242,98
54,25,243,98
54,25,244,98
54,25,245,98
54,25,246,98
54,25,247,98
54,25,248,98
54,25,249,98
54,25,250,98
54,25,251,98
54,25,252,98
54,25,253,98
54,25,254,98
54,25,255,98
54,25,256,98
54,25,257,98
54,25,258,98
54,25,259,98
54,25,260,98
54,25,261,98
54,25,262,98
54,25,263,98
54,25,264,98
54,25,265,98
54,25,266,98
54,25,267,98
54,25,268,98
54,25,269,98
54,25,270,98
54,25,271,98
54,25,272,98
54,25,273,98
54,25,274,98
54,25,275,98
54,25,276,98
54,25,277,98
54,25,278,98
54,25,279,98
54,25,280,98
54,25,281,98
54,25,282,98
54,25,283,98
54,25,284,98
54,25,285,98
54,25,286,98
54,25,287,98
54,25,288,98
54,25,289,98
54,25,290,98
54,25,291,98
54,25,292,98
54,25,293,98
54,25,294,98
54,25,295,98
54,25,296,98
54,25,297,98
54,25,298,98
54,25,299,98
54,25,300,98
54,25,301,98
54,25,302,98
54,25,303,98
54,25,304,98
54,25,305,98
54,25,306,98
54,25,307,98
54,25,308,98
54,25,309,98
54,25,310,98
54,25,311,98
54,25,312,98
54,25,313,98
54,25,314,98
54,25,315,98
54,25,316,98
54,25,317,98
54,25,318,98
54,25,319,98
54,25,320,98
54,25,321,98
54,25,322,98
54,25,323,98
54,25,324,98
54,25,325,98
54,25,326,98
54,25,327,98
54,25,328,98
54,25,329,98
54,25,330,98
54,25,331,98
54,25,332,98
54,25,333,98
54,25,334,98
54,25,335,98
54,25,336,98
54,25,337,98
54,25,338,98
54,25,339,98
54,25,340,98
54,25,341,98
54,25,342,98
54,25,343,98
54,25,344,98
54,25,345,98
54,25,346,98
54,25,347,98
54,25,348,98
54,25,349,98
54,25,350,98
54,25,351,98
54,25,352,98
54,25,353,98
54,25,354,98
54,25,355,98
54,25,356,98
54,25,357,98
54,25,358,98
54,25,359,98
54,25,360,98
54,25,361,98
54,25,362,98
54,25,363,98
54,25,364,98
54,25,365,98
54,25,366,98
54,25,367,98
54,25,368,98
54,25,369,98
54,25,370,98
54,25,371,98
54,25,372,98
54,25,373,98
54,25,374,98
54,25,375,98
54,25,376,98
54,25,377,98
54,25,378,98
54,25,379,98
54,25,380,98
54,25,381,98
54,25,382,98
54,25,383,98
54,25,384,98
54,25,385,98
54,25,386,98
54,25,387,98
54,25,388,98
54,25,389,98
54,25,390,98
54,25,391,98
54,25,392,98
54,25,393,98
54,25,394,98
54,25,395,98
54,25,396,98
54,25,397,98
54,25,398,98
54,25,399,98
54,25,400,98
54,25,401,98
54,25,402,98
54,25,403,98
54,25,404,98
54,25,405,98
54,25,406,98
54,25,407,98
54,25,408,98
54,25,409,98
54,25,410,98
54,25,411,98
54,25,412,98
54,25,413,98
54,25,414,98
54,25,415,98
54,25,416,98
54,25,417,98
54,25,418,98
54,25,419,98
54,25,420,98
54,25,421,98
54,25,422,98
54,25,423,98
54,25,424,98
54,25,425,98
54,25,426,98
54,25,427,98
54,25,428,98
54,25,429,98
54,25,430,98
54,25,431,98
54,25,432,98
54,25,433,98
54,25,434,98
54,25,435,98
54,25,436,98
54,25,437,98
54,25,438,98
54,25,439,98
54,25,440,98
54,25,441,98
54,25,442,98
54,25,443,98
54,25,444,98
54,25,445,98
54,25,446,98
54,25,447,98
54,25,448,98
54,25,449,98
54,25,450,98
54,25,451,98
54,25,452,98
54,25,453,98
54,25,454,98
54,25,455,98
54,25,456,98
54,25,457,98
54,25,458,98
54,25,459,98
54,25,460,98
54,25,461,98
54,25,462,98
54,25,463,98
54,25,464,98
54,25,465,98
54,25,466,98
54,25,467,98
54,25,468,98
54,25,469,98
54,25,470,98
54,25,471,98
54,25,472,98
54,25,473,98
54,25,474,98
54,25,475,98
54,25,476,98
54,25,477,98
54,25,478,98
54,25,479,98
54,25,480,98
54,25,481,98
54,25,482,98
54,25,483,98
54,25,484,98
54,25,485,98
54,25,486,98
54,25,487,98
54,25,488,98
54,25,489,98
54,25,490,98
54,25,491,98
54,25,492,98
54,25,493,98
54,25,494,98
54,25,495,98
54,25,496,98
54,25,497,98
54,25,498,98
54,25,499,98
54,26,0,1
54,26,1,11
54,26,2,28
54,26,3,47
54,26,4,68
54,26,5,92
54,26,6,99
54,26,7,99
54,26,8,99
54,26,9,99
54,26,10,99
54,26,11,99
54,26,12,99
54,26,13,99
54,26,14,99
54,26,15,99
54,26,16,99
54,26,17,99
54,26,18,99
54,26,19,99
54,26,20,99
54,26,21,99
54,26,22,99
54,26,23,99
54,26,24,99
54,26,25,99
54,26,26,99
54,26,27,99
54,26,28,99
54,26,29,99
54,26,30,99
54,26,31,99
54,26,32,99
54,26,33,99
54,26,34,99
54,26,35,99
54,26,36,99
54,26,37,99
54,26,38,99
54,26,39,99
54,26,40,99
54,26,41,99
54,26,42,99
54,26,43,99
54,26,44,99
54,26,45,99
54,26,46,99
54,26,47,99
54,26,48,99
54,26,49,99
54,26,50,99
54,26,51,99
54,26,52,99
54,26,53,99
54,26,54,99
54,26,55,99
54,26,56,99
54,26,57,99
54,26,58,99
54,26,59,99
54,26,60,99
54,26,61,99
54,26,62,99
54,26,63,99
54,26,64,99
54,26,65,99
54,26,66,99
54,26,67,99
54,26,68,99
54,26,69,99
54,26,70,99
54,26,71,99
54,26,72,99
54,26,73,99
54,26,74,99
54,26,75,99
54,26,76,99
54,26,77,99
54,26,78,99
54,26,79,99
54,26,80,99
54,26,81,99
54,26,82,99
54,26,83,99
54,26,84,99
54,26,85,99
54,26,86,99
54,26,87,99
54,26,88,99
54,26,89,99
54,26,90,99
54,26,91,99
54,26,92,99
54,26,93,99
54,26,94,99
54,26,95,99
54,26,96,99
54,26,97,99
54,26,98,99
54,26,99,99
54,26,100,99
54,26,101,99
54,26,102,99
54,26,103,99
54,26,104,99
54,26,105,99
54,26,106,99
54,26,107,99
54,26,108,99
54,26,109,99
54,26,110,99
54,26,111,99
54,26,112,99
54,26,113,99
54,26,114,99
54,26,115,99
54,26,116,99
54,26,117,99
54,26,118,99
54,26,119,99
54,26,120,99
54,26,121,99
54,26,122,99
54,26,123,99
54,26,124,99
54,26,125,99
54,26,126,99
54,26,127,99
54,26,128,99
54,26,129,99
54,26,130,99
54,26,131,99
54,26,132,99
54,26,133,99
54,26,134,99
54,26,135,99
54,26,136,99
54,26,137,99
54,26,138,99
54,26,139,99
54,26,140,99
54,26,141,99
54,26,142,99
54,26,143,99
54,26,144,99
54,26,145,99
54,26,146,99
54,26,147,99
54,26,148,99
54,26,149,99
54,26,150,99
54,26,151,99
54,26,152,99
54,26,153,99
54,26,154,99
54,26,155,99
54,26,156,99
54,26,157,99
54,26,158,99
54,26,159,99
54,26,160,99
54,26,161,99
54,26,162,99
54,26,163,99
54,26,164,99
54,26,165,99
54,26,166,99
54,26,167,99
54,26,168,99
54,26,169,99
54,26,170,99
54,26,171,99
54,26,172,99
54,26,173,99
54,26,174,99
54,26,175,99
54,26,176,99
54,26,177,99
54,26,178,99
54,26,179,99
54,26,180,99
54,26,181,99
54,26,182,99
54,26,183,99
54,26,184,99
54,26,185,99
54,26,186,99
54,26,187,99
54,26,188,99
54,26,189,99
54,26,190,99
54,26,191,99
54,26,192,99
54,26,193,99
54,26,194,99
54,26,195,99
54,26,196,99
54,26,197,99
54,26,198,99
54,26,199,99
54,26,200,99
54,26,201,99
54,26,202,99
54,26,203,99
54,26,204,99
54,26,205,99
54,26,206,99
54,26,207,99
54,26,208,99
54,26,209,99
54,26,210,99
54,26,211,99
54,26,212,99
54,26,213,99
54,26,214,99
54,26,215,99
54,26,216,99
54,26,217,99
54,26,218,99
54,26,219,99
54,26,220,99
54,26,221,99
54,26,222,99
54,26,223,99
54,26,224,99
54,26,225,99
54,26,226,99
54,26,227,99
54,26,228,99
54,26,229,99
54,26,230,99
54,26,231,99
54,26,232,99
54,26,233,99
54,26,234,99
54,26,235,99
54,26,236,99
54,26,237,99
54,26,238,99
54,26,239,99
54,26,240,99
54,26,241,99
54,26,242,99
54,26,243,99
54,26,244,99
54,26,245,99
54,26,246,99
54,26,247,99
54,26,248,99
54,26,249,99
54,26,250,99
54,26,251,99
54,26,252,99
54,26,253,99
54,26,254,99
54,26,255,99
54,26,256,99
54,26,257,99
54,26,258,99
54,26,259,99
54,26,260,99
54,26,261,99
54,26,262,99
54,26,263,99
54,26,264,99
54,26,265,99
54,26,266,99
54,26,267,99
54,26,268,99
54,26,269,99
54,26,270,99
54,26,271,99
54,26,272,99
54,26,273,99
54,26,274,99
54,26,275,99
54,26,276,99
54,26,277,99
54,26,278,99
54,26,279,99
54,26,280,99
54,26,281,99
54,26,282,99
54,26,283,99
54,26,284,99
54,26,285,99
54,26,286,99
54,26,287,99
54,26,288,99
54,26,289,99
54,26,290,99
54,26,291,99
54,26,292,99
54,26,293,99
54,26,294,99
54,26,295,99
54,26,296,99
54,26,297,99
54,26,298,99
54,26,299,99
54,26,300,99
54,26,301,99
54,26,302,99
54,26,303,99
54,26,304,99
54,26,305,99
54,26,306,99
54,26,307,99
54,26,308,99
54,26,309,99
54,26,310,99
54,26,311,99
54,26,312,99
54,26,313,99
54,26,314,99
54,26,315,99
54,26,316,99
54,26,317,99
54,26,318,99
54,26,319,99
54,26,320,99
54,26,321,99
54,26,322,99
54,26,323,99
54,26,324,99
54,26,325,99
54,26,326,99
54,26,327,99
54,26,328,99
54,26,329,99
54,26,330,99
54,26,331,99
54,26,332,99
54,26,333,99
54,26,334,99
54,26,335,99
54,26,336,99
54,26,337,99
54,26,338,99
54,26,339,99
54,26,340,99
54,26,341,99
54,26,342,99
54,26,343,99
54,26,344,99
54,26,345,99
54,26,346,99
54,26,347,99
54,26,348,99
54,26,349,99
54,26,350,99
54,26,351,99
54,26,352,99
54,26,353,99
54,26,354,99
54,26,355,99
54,26,356,99
54,26,357,99
54,26,358,99
54,26,359,99
54,26,360,99
54,26,361,99
54,26,362,99
54,26,363,99
54,26,364,99
54,26,365,99
54,26,366,99
54,26,367,99
54,26,368,99
54,26,369,99
54,26,370,99
54,26,371,99
54,26,372,99
54,26,373,99
54,26,374,99
54,26,375,99
54,26,376,99
54,26,377,99
54,26,378,99
54,26,379,99
54,26,380,99
54,26,381,99
54,26,382,99
54,26,383,99
54,26,384,99
54,26,385,99
54,26,386,99
54,26,387,99
54,26,388,99
54,26,389,99
54,26,390,99
54,26,391,99
54,26,392,99
54,26,393,99
54,26,394,99
54,26,395,99
54,26,396,99
54,26,397,99
54,26,398,99
54,26,399,99
54,26,400,99
54,26,401,99
54,26,402,99
54,26,403,99
54,26,404,99
54,26,405,99
54,26,406,99
54,26,407,99
54,26,408,99
54,26,409,99
54,26,410,99
54,26,411,99
54,26,412,99
54,26,413,99
54,26,414,99
54,26,415,99
54,26,416,99
54,26,417,99
54,26,418,99
54,26,419,99
54,26,420,99
54,26,421,99
54,26,422,99
54,26,423,99
54,26,424,99
54,26,425,99
54,26,426,99
54,26,427,99
54,26,428,99
54,26,429,99
54,26,430,99
54,26,431,99
54,26,432,99
54,26,433,99
54,26,434,99
54,26,435,99
54,26,436,99
54,26,437,99
54,26,438,99
54,26,439,99
54,26,440,99
54,26,441,99
54,26,442,99
54,26,443,99
54,26,444,99
54,26,445,99
54,26,446,99
54,26,447,99
54,26,448,99
54,26,449,99
54,26,450,99
54,26,451,99
54,26,452,99
54,26,453,99
54,26,454,99
54,26,455,99
54,26,456,99
54,26,457,99
54,26,458,99
54,26,459,99
54,26,460,99
54,26,461,99
54,26,462,99
54,26,463,99
54,26,464,99
54,26,465,99
54,26,466,99
54,26,467,99
54,26,468,99
54,26,469,99
54,26,470,99
54,26,471,99
54,26,472,99
54,26,473,99
54,26,474,99
54,26,475,99
54,26,476,99
54,26,477,99
54,26,478,99
54,26,479,99
54,26,480,99
54,26,481,99
54,26,482,99
54,26,483,99
54,26,484,99
54,26,485,99
54,26,486,99
54,26,487,99
54,26,488,99
54,26,489,99
54,26,490,99
54,26,491,99
54,26,492,99
54,26,493,99
54,26,494,99
54,26,495,99
54,26,496,99
54,26,497,99
54,26,498,99
54,26,499,99
54,27,0,1
54,27,1,9
54,27,2,25
54,27,3,45
54,27,4,68
54,27,5,82
54,27,6,99
54,27,7,99
54,27,8,99
54,27,9,99
54,27,10,99
54,27,11,99
54,27,12,99
54,27,13,99
54,27,14,99
54,27,15,99
54,27,16,99
54,27,17,99
54,27,18,99
54,27,19,99
54,27,20,99
54,27,21,99
54,27,22,99
54,27,23,99
54,27,24,99
54,27,25,99
54,27,26,99
54,27,27,99
54,27,28,99
54,27,29,99
54,27,30,99
54,27,31,99
54,27,32,99
54,27,33,99
54,27,34,99
54,27,35,99
54,27,36,99
54,27,37,99
54,27,38,99
54,27,39,99
54,27,40,99
54,27,41,99
54,27,42,99
54,27,43,99
54,27,44,99
54,27,45,99
54,27,46,99
54,27,47,99
54,27,48,99
54,27,49,99
54,27,50,99
54,27,51,99
54,27,52,99
54,27,53,99
54,27,54,99
54,27,55,99
54,27,56,99
54,27,57,99
54,27,58,99
54,27,59,99
54,27,60,99
54,27,61,99
54,27,62,99
54,27,63,99
54,27,64,99
54,27,65,99
54,27,66,99
54,27,67,99
54,27,68,99
54,27,69,99
54,27,70,99
54,27,71,99
54,27,72,99
54,27,73,99
54,27,74,99
54,27,75,99
54,27,76,99
54,27,77,99
54,27,78,99
54,27,79,99
54,27,80,99
54,27,81,99
54,27,82,99
54,27,83,99
54,27,84,99
54,27,85,99
54,27,86,99
54,27,87,99
54,27,88,99
54,27,89,99
54,27,90,99
54,27,91,99
54,27,92,99
54,27,93,99
54,27,94,99
54,27,95,99
54,27,96,99
54,27,97,99
54,27,98,99
54,27,99,99
54,27,100,99
54,27,101,99
54,27,102,99
54,27,103,99
54,27,104,99
54,27,105,99
54,27,106,99
54,27,107,99
54,27,108,99
54,27,109,99
54,27,110,99
54,27,111,99
54,27,112,99
54,27,113,99
54,27,114,99
54,27,115,99
54,27,116,99
54,27,117,99
54,27,118,99
54,27,119,99
54,27,120,99
54,27,121,99
54,27,122,99
54,27,123,99
54,27,124,99
54,27,125,99
54,27,126,99
54,27,127,99
54,27,128,99
54,27,129,99
54,27,130,99
54,27,131,99
54,27,132,99
54,27,133,99
54,27,134,99
54,27,135,99
54,27,136,99
54,27,137,99
54,27,138,99
54,27,139,99
54,27,140,99
54,27,141,99
54,27,142,99
54,27,143,99
54,27,144,99
54,27,145,99
54,27,146,99
54,27,147,99
54,27,148,99
54,27,149,99
54,27,150,99
54,27,151,99
54,27,152,99
54,27,153,99
54,27,154,99
54,27,155,99
54,27,156,99
54,27,157,99
54,27,158,99
54,27,159,99
54,27,160,99
54,27,161,99
54,27,162,99
54,27,163,99
54,27,164,99
54,27,165,99
54,27,166,99
54,27,167,99
54,27,168,99
54,27,169,99
54,27,170,99
54,27,171,99
54,27,172,99
54,27,173,99
54,27,174,99
54,27,175,99
54,27,176,99
54,27,177,99
54,27,178,99
54,27,179,99
54,27,180,99
54,27,181,99
54,27,182,99
54,27,183,99
54,27,184,99
54,27,185,99
54,27,186,99
54,27,187,99
54,27,188,99
54,27,189,99
54,27,190,99
54,27,191,99
54,27,192,99
54,27,193,99
54,27,194,99
54,27,195,99
54,27,196,99
54,27,197,99
54,27,198,99
54,27,199,99
54,27,200,99
54,27,201,99
54,27,202,99
54,27,203,99
54,27,204,99
54,27,205,99
54,27,206,99
54,27,207,99
54,27,208,99
54,27,209,99
54,27,210,99
54,27,211,99
54,27,212,99
54,27,213,99
54,27,214,99
54,27,215,99
54,27,216,99
54,27,217,99
54,27,218,99
54,27,219,99
54,27,220,99
54,27,221,99
54,27,222,99
54,27,223,99
54,27,224,99
54,27,225,99
54,27,226,99
54,27,227,99
54,27,228,99
54,27,229,99
54,27,230,99
54,27,231,99
54,27,232,99
54,27,233,99
54,27,234,99
54,27,235,99
54,27,236,99
54,27,237,99
54,27,238,99
54,27,239,99
54,27,240,99
54,27,241,99
54,27,242,99
54,27,243,99
54,27,244,99
54,27,245,99
54,27,246,99
54,27,247,99
54,27,248,99
54,27,249,99
54,27,250,99
54,27,251,99
54,27,252,99
54,27,253,99
54,27,254,99
54,27,255,99
54,27,256,99
54,27,257,99
54,27,258,99
54,27,259,99
54,27,260,99
54,27,261,99
54,27,262,99
54,27,263,99
54,27,264,99
54,27,265,99
54,27,266,99
54,27,267,99
54,27,268,99
54,27,269,99
54,27,270,99
54,27,271,99
54,27,272,99
54,27,273,99
54,27,274,99
54,27,275,99
54,27,276,99
54,27,277,99
54,27,278,99
54,27,279,99
54,27,280,99
54,27,281,99
54,27,282,99
54,27,283,99
54,27,284,99
54,27,285,99
54,27,286,99
54,27,287,99
54,27,288,99
54,27,289,99
54,27,290,99
54,27,291,99
54,27,292,99
54,27,293,99
54,27,294,99
54,27,295,99
54,27,296,99
54,27,297,99
54,27,298,99
54,27,299,99
54,27,300,99
54,27,301,99
54,27,302,99
54,27,303,99
54,27,304,99
54,27,305,99
54,27,306,99
54,27,307,99
54,27,308,99
54,27,309,99
54,27,310,99
54,27,311,99
54,27,312,99
54,27,313,99
54,27,314,99
54,27,315,99
54,27,316,99
54,27,317,99
54,27,318,99
54,27,319,99
54,27,320,99
54,27,321,99
54,27,322,99
54,27,323,99
54,27,324,99
54,27,325,99
54,27,326,99
54,27,327,99
54,27,328,99
54,27,329,99
54,27,330,99
54,27,331,99
54,27,332,99
54,27,333,99
54,27,334,99
54,27,335,99
54,27,336,99
54,27,337,99
54,27,338,99
54,27,339,99
54,27,340,99
54,27,341,99
54,27,342,99
54,27,343,99
54,27,344,99
54,27,345,99
54,27,346,99
54,27,347,99
54,27,348,99
54,27,349,99
54,27,350,99
54,27,351,99
54,27,352,99
54,27,353,99
54,27,354,99
54,27,355,99
54,27,356,99
54,27,357,99
54,27,358,99
54,27,359,99
54,27,360,99
54,27,361,99
54,27,362,99
54,27,363,99
54,27,364,99
54,27,365,99
54,27,366,99
54,27,367,99
54,27,368,99
54,27,369,99
54,27,370,99
54,27,371,99
54,27,372,99
54,27,373,99
54,27,374,99
54,27,375,99
54,27,376,99
54,27,377,99
54,27,378,99
54,27,379,99
54,27,380,99
54,27,381,99
54,27,382,99
54,27,383,99
54,27,384,99
54,27,385,99
54,27,386,99
54,27,387,99
54,27,388,99
54,27,389,99
54,27,390,99
54,27,391,99
54,27,392,99
54,27,393,99
54,27,394,99
54,27,395,99
54,27,396,99
54,27,397,99
54,27,398,99
54,27,399,99
54,27,400,99
54,27,401,99
54,27,402,99
54,27,403,99
54,27,404,99
54,27,405,99
54,27,406,99
54,27,407,99
54,27,408,99
54,27,409,99
54,27,410,99
54,27,411,99
54,27,412,99
54,27,413,99
54,27,414,99
54,27,415,99
54,27,416,99
54,27,417,99
54,27,418,99
54,27,419,99
54,27,420,99
54,27,421,99
54,27,422,99
54,27,423,99
54,27,424,99
54,27,425,99
54,27,426,99
54,27,427,99
54,27,428,99
54,27,429,99
54,27,430,99
54,27,431,99
54,27,432,99
54,27,433,99
54,27,434,99
54,27,435,99
54,27,436,99
54,27,437,99
54,27,438,99
54,27,439,99
54,27,440,99
54,27,441,99
54,27,442,99
54,27,443,99
54,27,444,99
54,27,445,99
54,27,446,99
54,27,447,99
54,27,448,99
54,27,449,99
54,27,450,99
54,27,451,99
54,27,452,99
54,27,453,99
54,27,454,99
54,27,455,99
54,27,456,99
54,27,457,99
54,27,458,99
54,27,459,99
54,27,460,99
54,27,461,99
54,27,462,99
54,27,463,99
54,27,464,99
54,27,465,99
54,27,466,99
54,27,467,99
54,27,468,99
54,27,469,99
54,27,470,99
54,27,471,99
54,27,472,99
54,27,473,99
54,27,474,99
54,27,475,99
54,27,476,99
54,27,477,99
54,27,478,99
54,27,479,99
54,27,480,99
54,27,481,99
54,27,482,99
54,27,483,99
54,27,484,99
54,27,485,99
54,27,486,99
54,27,487,99
54,27,488,99
54,27,489,99
54,27,490,99
54,27,491,99
54,27,492,99
54,27,493,99
54,27,494,99
54,27,495,99
54,27,496,99
54,27,497,99
54,27,498,99
54,27,499,99
54,28,0,1
54,28,1,13
54,28,2,49
54,28,3,90
54,28,4,99
54,28,5,99
54,28,6,99
54,28,7,99
54,28,8,99
54,28,9,99
54,28,10,99
54,28,11,99
54,28,12,99
54,28,13,99
54,28,14,99
54,28,15,99
54,28,16,99
54,28,17,99
54,28,18,99
54,28,19,99
54,28,20,99
54,28,21,99
54,28,22,99
54,28,23,99
54,28,24,99
54,28,25,99
54,28,26,99
54,28,27,99
54,28,28,99
54,28,29,99
54,28,30,99
54,28,31,99
54,28,32,99
54,28,33,99
54,28,34,99
54,28,35,99
54,28,36,99
54,28,37,99
54,28,38,99
54,28,39,99
54,28,40,99
54,28,41,99
54,28,42,99
54,28,43,99
54,28,44,99
54,28,45,99
54,28,46,99
54,28,47,99
54,28,48,99
54,28,49,99
54,28,50,99
54,28,51,99
54,28,52,99
54,28,53,99
54,28,54,99
54,28,55,99
54,28,56,99
54,28,57,99
54,28,58,99
54,28,59,99
54,28,60,99
54,28,61,99
54,28,62,99
54,28,63,99
54,28,64,99
54,28,65,99
54,28,66,99
54,28,67,99
54,28,68,99
54,28,69,99
54,28,70,99
54,28,71,99
54,28,72,99
54,28,73,99
54,28,74,99
54,28,75,99
54,28,76,99
54,28,77,99
54,28,78,99
54,28,79,99
54,28,80,99
54,28,81,99
54,28,82,99
54,28,83,99
54,28,84,99
54,28,85,99
54,28,86,99
54,28,87,99
54,28,88,99
54,28,89,99
54,28,90,99
54,28,91,99
54,28,92,99
54,28,93,99
54,28,94,99
54,28,95,99
54,28,96,99
54,28,97,99
54,28,98,99
54,28,99,99
54,28,100,99
54,28,101,99
54,28,102,99
54,28,103,99
54,28,104,99
54,28,105,99
54,28,106,99
54,28,107,99
54,28,108,99
54,28,109,99
54,28,110,99
54,28,111,99
54,28,112,99
54,28,113,99
54,28,114,99
54,28,115,99
54,28,116,99
54,28,117,99
54,28,118,99
54,28,119,99
54,28,120,99
54,28,121,99
54,28,122,99
54,28,123,99
54,28,124,99
54,28,125,99
54,28,126,99
54,28,127,99
54,28,128,99
54,28,129,99
54,28,130,99
54,28,131,99
54,28,132,99
54,28,133,99
54,28,134,99
54,28,135,99
54,28,136,99
54,28,137,99
54,28,138,99
54,28,139,99
54,28,140,99
54,28,141,99
54,28,142,99
54,28,143,99
54,28,144,99
54,28,145,99
54,28,146,99
54,28,147,99
54,28,148,99
54,28,149,99
54,28,150,99
54,28,151,99
54,28,152,99
54,28,153,99
54,28,154,99
54,28,155,99
54,28,156,99
54,28,157,99
54,28,158,99
54,28,159,99
54,28,160,99
54,28,161,99
54,28,162,99
54,28,163,99
54,28,164,99
54,28,165,99
54,28,166,99
54,28,167,99
54,28,168,99
54,28,169,99
54,28,170,99
54,28,171,99
54,28,172,99
54,28,173,99
54,28,174,99
54,28,175,99
54,28,176,99
54,28,177,99
54,28,178,99
54,28,179,99
54,28,180,99
54,28,181,99
54,28,182,99
54,28,183,99
54,28,184,99
54,28,185,99
54,28,186,99
54,28,187,99
54,28,188,99
54,28,189,99
54,28,190,99
54,28,191,99
54,28,192,99
54,28,193,99
54,28,194,99
54,28,195,99
54,28,196,99
54,28,197,99
54,28,198,99
54,28,199,99
54,28,200,99
54,28,201,99
54,28,202,99
54,28,203,99
54,28,204,99
54,28,205,99
54,28,206,99
54,28,207,99
54,28,208,99
54,28,209,99
54,28,210,99
54,28,211,99
54,28,212,99
54,28,213,99
54,28,214,99
54,28,215,99
54,28,216,99
54,28,217,99
54,28,218,99
54,28,219,99
54,28,220,99
54,28,221,99
54,28,222,99
54,28,223,99
54,28,224,99
54,28,225,99
54,28,226,99
54,28,227,99
54,28,228,99
54,28,229,99
54,28,230,99
54,28,231,99
54,28,232,99
54,28,233,99
54,28,234,99
54,28,235,99
54,28,236,99
54,28,237,99
54,28,238,99
54,28,239,99
54,28,240,99
54,28,241,99
54,28,242,99
54,28,243,99
54,28,244,99
54,28,245,99
54,28,246,99
54,28,247,99
54,28,248,99
54,28,249,99
54,28,250,99
54,28,251,99
54,28,252,99
54,28,253,99
54,28,254,99
54,28,255,99
54,28,256,99
54,28,257,99
54,28,258,99
54,28,259,99
54,28,260,99
54,28,261,99
54,28,262,99
54,28,263,99
54,28,264,99
54,28,265,99
54,28,266,99
54,28,267,99
54,28,268,99
54,28,269,99
54,28,270,99
54,28,271,99
54,28,272,99
54,28,273,99
54,28,274,99
54,28,275,99
54,28,276,99
54,28,277,99
54,28,278,99
54,28,279,99
54,28,280,99
54,28,281,99
54,28,282,99
54,28,283,99
54,28,284,99
54,28,285,99
54,28,286,99
54,28,287,99
54,28,288,99
54,28,289,99
54,28,290,99
54,28,291,99
54,28,292,99
54,28,293,99
54,28,294,99
54,28,295,99
54,28,296,99
54,28,297,99
54,28,298,99
54,28,299,99
54,28,300,99
54,28,301,99
54,28,302,99
54,28,303,99
54,28,304,99
54,28,305,99
54,28,306,99
54,28,307,99
54,28,308,99
54,28,309,99
54,28,310,99
54,28,311,99
54,28,312,99
54,28,313,99
54,28,314,99
54,28,315,99
54,28,316,99
54,28,317,99
54,28,318,99
54,28,319,99
54,28,320,99
54,28,321,99
54,28,322,99
54,28,323,99
54,28,324,99
54,28,325,99
54,28,326,99
54,28,327,99
54,28,328,99
54,28,329,99
54,28,330,99
54,28,331,99
54,28,332,99
54,28,333,99
54,28,334,99
54,28,335,99
54,28,336,99
54,28,337,99
54,28,338,99
54,28,339,99
54,28,340,99
54,28,341,99
54,28,342,99
54,28,343,99
54,28,344,99
54,28,345,99
54,28,346,99
54,28,347,99
54,28,348,99
54,28,349,99
54,28,350,99
54,28,351,99
54,28,352,99
54,28,353,99
54,28,354,99
54,28,355,99
54,28,356,99
54,28,357,99
54,28,358,99
54,28,359,99
54,28,360,99
54,28,361,99
54,28,362,99
54,28,363,99
54,28,364,99
54,28,365,99
54,28,366,99
54,28,367,99
54,28,368,99
54,28,369,99
54,28,370,99
54,28,371,99
54,28,372,99
54,28,373,99
54,28,374,99
54,28,375,99
54,28,376,99
54,28,377,99
54,28,378,99
54,28,379,99
54,28,380,99
54,28,381,99
54,28,382,99
54,28,383,99
54,28,384,99
54,28,385,99
54,28,386,99
54,28,387,99
54,28,388,99
54,28,389,99
54,28,390,99
54,28,391,99
54,28,392,99
54,28,393,99
54,28,394,99
54,28,395,99
54,28,396,99
54,28,397,99
54,28,398,99
54,28,399,99
54,28,400,99
54,28,401,99
54,28,402,99
54,28,403,99
54,28,404,99
54,28,405,99
54,28,406,99
54,28,407,99
54,28,408,99
54,28,409,99
54,28,410,99
54,28,411,99
54,28,412,99
54,28,413,99
54,28,414,99
54,28,415,99
54,28,416,99
54,28,417,99
54,28,418,99
54,28,419,99
54,28,420,99
54,28,421,99
54,28,422,99
54,28,423,99
54,28,424,99
54,28,425,99
54,28,426,99
54,28,427,99
54,28,428,99
54,28,429,99
54,28,430,99
54,28,431,99
54,28,432,99
54,28,433,99
54,28,434,99
54,28,435,99
54,28,436,99
54,28,437,99
54,28,438,99
54,28,439,99
54,28,440,99
54,28,441,99
54,28,442,99
54,28,443,99
54,28,444,99
54,28,445,99
54,28,446,99
54,28,447,99
54,28,448,99
54,28,449,99
54,28,450,99
54,28,451,99
54,28,452,99
54,28,453,99
54,28,454,99
54,28,455,99
54,28,456,99
54,28,457,99
54,28,458,99
54,28,459,99
54,28,460,99
54,28,461,99
54,28,462,99
54,28,463,99
54,28,464,99
54,28,465,99
54,28,466,99
54,28,467,99
54,28,468,99
54,28,469,99
54,28,470,99
54,28,471,99
54,28,472,99
54,28,473,99
54,28,474,99
54,28,475,99
54,28,476,99
54,28,477,99
54,28,478,99
54,28,479,99
54,28,480,99
54,28,481,99
54,28,482,99
54,28,483,99
54,28,484,99
54,28,485,99
54,28,486,99
54,28,487,99
54,28,488,99
54,28,489,99
54,28,490,99
54,28,491,99
54,28,492,99
54,28,493,99
54,28,494,99
54,28,495,99
54,28,496,99
54,28,497,99
54,28,498,99
54,28,499,99
54,29,0,1
54,29,1,14
54,29,2,32
54,29,3,59
54,29,4,80
54,29,5,98
54,29,6,99
54,29,7,99
54,29,8,99
54,29,9,99
54,29,10,99
54,29,11,99
54,29,12,99
54,29,13,99
54,29,14,99
54,29,15,99
54,29,16,99
54,29,17,99
54,29,18,99
54,29,19,99
54,29,20,99
54,29,21,99
54,29,22,99
54,29,23,99
54,29,24,99
54,29,25,99
54,29,26,99
54,29,27,99
54,29,28,99
54,29,29,99
54,29,30,99
54,29,31,99
54,29,32,99
54,29,33,99
54,29,34,99
54,29,35,99
54,29,36,99
54,29,37,99
54,29,38,99
54,29,39,99
54,29,40,99
54,29,41,99
54,29,42,99
54,29,43,99
54,29,44,99
54,29,45,99
54,29,46,99
54,29,47,99
54,29,48,99
54,29,49,99
54,29,50,99
54,29,51,99
54,29,52,99
54,29,53,99
54,29,54,99
54,29,55,99
54,29,56,99
54,29,57,99
54,29,58,99
54,29,59,99
54,29,60,99
54,29,61,99
54,29,62,99
54,29,63,99
54,29,64,99
54,29,65,99
54,29,66,99
54,29,67,99
54,29,68,99
54,29,69,99
54,29,70,99
54,29,71,99
54,29,72,99
54,29,73,99
54,29,74,99
54,29,75,99
54,29,76,99
54,29,77,99
54,29,78,99
54,29,79,99
54,29,80,99
54,29,81,99
54,29,82,99
54,29,83,99
54,29,84,99
54,29,85,99
54,29,86,99
54,29,87,99
54,29,88,99
54,29,89,99
54,29,90,99
54,29,91,99
54,29,92,99
54,29,93,99
54,29,94,99
54,29,95,99
54,29,96,99
54,29,97,99
54,29,98,99
54,29,99,99
54,29,100,99
54,29,101,99
54,29,102,99
54,29,103,99
54,29,104,99
54,29,105,99
54,29,106,99
54,29,107,99
54,29,108,99
54,29,109,99
54,29,110,99
54,29,111,99
54,29,112,99
54,29,113,99
54,29,114,99
54,29,115,99
54,29,116,99
54,29,117,99
54,29,118,99
54,29,119,99
54,29,120,99
54,29,121,99
54,29,122,99
54,29,123,99
54,29,124,99
54,29,125,99
54,29,126,99
54,29,127,99
54,29,128,99
54,29,129,99
54,29,130,99
54,29,131,99
54,29,132,99
54,29,133,99
54,29,134,99
54,29,135,99
54,29,136,99
54,29,137,99
54,29,138,99
54,29,139,99
54,29,140,99
54,29,141,99
54,29,142,99
54,29,143,99
54,29,144,99
54,29,145,99
54,29,146,99
54,29,147,99
54,29,148,99
54,29,149,99
54,29,150,99
54,29,151,99
54,29,152,99
54,29,153,99
54,29,154,99
54,29,155,99
54,29,156,99
54,29,157,99
54,29,158,99
54,29,159,99
54,29,160,99
54,29,161,99
54,29,162,99
54,29,163,99
54,29,164,99
54,29,165,99
54,29,166,99
54,29,167,99
54,29,168,99
54,29,169,99
54,29,170,99
54,29,171,99
54,29,172,99
54,29,173,99
54,29,174,99
54,29,175,99
54,29,176,99
54,29,177,99
54,29,178,99
54,29,179,99
54,29,180,99
54,29,181,99
54,29,182,99
54,29,183,99
54,29,184,99
54,29,185,99
54,29,186,99
54,29,187,99
54,29,188,99
54,29,189,99
54,29,190,99
54,29,191,99
54,29,192,99
54,29,193,99
54,29,194,99
54,29,195,99
54,29,196,99
54,29,197,99
54,29,198,99
54,29,199,99
54,29,200,99
54,29,201,99
54,29,202,99
54,29,203,99
54,29,204,99
54,29,205,99
54,29,206,99
54,29,207,99
54,29,208,99
54,29,209,99
54,29,210,99
54,29,211,99
54,29,212,99
54,29,213,99
54,29,214,99
54,29,215,99
54,29,216,99
54,29,217,99
54,29,218,99
54,29,219,99
54,29,220,99
54,29,221,99
54,29,222,99
54,29,223,99
54,29,224,99
54,29,225,99
54,29,226,99
54,29,227,99
54,29,228,99
54,29,229,99
54,29,230,99
54,29,231,99
54,29,232,99
54,29,233,99
54,29,234,99
54,29,235,99
54,29,236,99
54,29,237,99
54,29,238,99
54,29,239,99
54,29,240,99
54,29,241,99
54,29,242,99
54,29,243,99
54,29,244,99
54,29,245,99
54,29,246,99
54,29,247,99
54,29,248,99
54,29,249,99
54,29,250,99
54,29,251,99
54,29,252,99
54,29,253,99
54,29,254,99
54,29,255,99
54,29,256,99
54,29,257,99
54,29,258,99
54,29,259,99
54,29,260,99
54,29,261,99
54,29,262,99
54,29,263,99
54,29,264,99
54,29,265,99
54,29,266,99
54,29,267,99
54,29,268,99
54,29,269,99
54,29,270,99
54,29,271,99
54,29,272,99
54,29,273,99
54,29,274,99
54,29,275,99
54,29,276,99
54,29,277,99
54,29,278,99
54,29,279,99
54,29,280,99
54,29,281,99
54,29,282,99
54,29,283,99
54,29,284,99
54,29,285,99
54,29,286,99
54,29,287,99
54,29,288,99
54,29,289,99
54,29,290,99
54,29,291,99
54,29,292,99
54,29,293,99
54,29,294,99
54,29,295,99
54,29,296,99
54,29,297,99
54,29,298,99
54,29,299,99
54,29,300,99
54,29,301,99
54,29,302,99
54,29,303,99
54,29,304,99
54,29,305,99
54,29,306,99
54,29,307,99
54,29,308,99
54,29,309,99
54,29,310,99
54,29,311,99
54,29,312,99
54,29,313,99
54,29,314,99
54,29,315,99
54,29,316,99
54,29,317,99
54,29,318,99
54,29,319,99
54,29,320,99
54,29,321,99
54,29,322,99
54,29,323,99
54,29,324,99
54,29,325,99
54,29,326,99
54,29,327,99
54,29,328,99
54,29,329,99
54,29,330,99
54,29,331,99
54,29,332,99
54,29,333,99
54,29,334,99
54,29,335,99
54,29,336,99
54,29,337,99
54,29,338,99
54,29,339,99
54,29,340,99
54,29,341,99
54,29,342,99
54,29,343,99
54,29,344,99
54,29,345,99
54,29,346,99
54,29,347,99
54,29,348,99
54,29,349,99
54,29,350,99
54,29,351,99
54,29,352,99
54,29,353,99
54,29,354,99
54,29,355,99
54,29,356,99
54,29,357,99
54,29,358,99
54,29,359,99
54,29,360,99
54,29,361,99
54,29,362,99
54,29,363,99
54,29,364,99
54,29,365,99
54,29,366,99
54,29,367,99
54,29,368,99
54,29,369,99
54,29,370,99
54,29,371,99
54,29,372,99
54,29,373,99
54,29,374,99
54,29,375,99
54,29,376,99
54,29,377,99
54,29,378,99
54,29,379,99
54,29,380,99
54,29,381,99
54,29,382,99
54,29,383,99
54,29,384,99
54,29,385,99
54,29,386,99
54,29,387,99
54,29,388,99
54,29,389,99
54,29,390,99
54,29,391,99
54,29,392,99
54,29,393,99
54,29,394,99
54,29,395,99
54,29,396,99
54,29,397,99
54,29,398,99
54,29,399,99
54,29,400,99
54,29,401,99
54,29,402,99
54,29,403,99
54,29,404,99
54,29,405,99
54,29,406,99
54,29,407,99
54,29,408,99
54,29,409,99
54,29,410,99
54,29,411,99
54,29,412,99
54,29,413,99
54,29,414,99
54,29,415,99
54,29,416,99
54,29,417,99
54,29,418,99
54,29,419,99
54,29,420,99
54,29,421,99
54,29,422,99
54,29,423,99
54,29,424,99
54,29,425,99
54,29,426,99
54,29,427,99
54,29,428,99
54,29,429,99
54,29,430,99
54,29,431,99
54,29,432,99
54,29,433,99
54,29,434,99
54,29,435,99
54,29,436,99
54,29,437,99
54,29,438,99
54,29,439,99
54,29,440,99
54,29,441,99
54,29,442,99
54,29,443,99
54,29,444,99
54,29,445,99
54,29,446,99
54,29,447,99
54,29,448,99
54,29,449,99
54,29,450,99
54,29,451,99
54,29,452,99
54,29,453,99
54,29,454,99
54,29,455,99
54,29,456,99
54,29,457,99
54,29,458,99
54,29,459,99
54,29,460,99
54,29,461,99
54,29,462,99
54,29,463,99
54,29,464,99
54,29,465,99
54,29,466,99
54,29,467,99
54,29,468,99
54,29,469,99
54,29,470,99
54,29,471,99
54,29,472,99
54,29,473,99
54,29,474,99
54,29,475,99
54,29,476,99
54,29,477,99
54,29,478,99
54,29,479,99
54,29,480,99
54,29,481,99
54,29,482,99
54,29,483,99
54,29,484,99
54,29,485,99
54,29,486,99
54,29,487,99
54,29,488,99
54,29,489,99
54,29,490,99
54,29,491,99
54,29,492,99
54,29,493,99
54,29,494,99
54,29,495,99
54,29,496,99
54,29,497,99
54,29,498,99
54,29,499,99
