id,run,step,nb_data
86,0,0,0
86,0,1,0
86,0,2,0
86,0,3,0
86,0,4,1
86,0,5,0
86,0,6,0
86,0,7,0
86,0,8,0
86,0,9,0
86,0,10,0
86,0,11,0
86,0,12,0
86,0,13,1
86,0,14,0
86,0,15,0
86,0,16,0
86,0,17,0
86,0,18,0
86,0,19,0
86,0,20,0
86,0,21,0
86,0,22,1
86,0,23,0
86,0,24,0
86,0,25,0
86,0,26,0
86,0,27,0
86,0,28,0
86,0,29,0
86,0,30,0
86,0,31,1
86,0,32,2
86,0,33,1
86,0,34,1
86,0,35,0
86,0,36,0
86,0,37,4
86,0,38,2
86,0,39,1
86,0,40,1
86,0,41,0
86,0,42,0
86,0,43,0
86,0,44,0
86,0,45,0
86,0,46,0
86,0,47,0
86,0,48,0
86,0,49,1
86,0,50,1
86,0,51,2
86,0,52,1
86,0,53,1
86,0,54,1
86,0,55,0
86,0,56,0
86,0,57,0
86,0,58,1
86,0,59,0
86,0,60,0
86,0,61,0
86,0,62,0
86,0,63,0
86,0,64,0
86,0,65,0
86,0,66,0
86,0,67,1
86,0,68,0
86,0,69,0
86,0,70,0
86,0,71,0
86,0,72,0
86,0,73,0
86,0,74,0
86,0,75,0
86,0,76,1
86,0,77,2
86,0,78,1
86,0,79,1
86,0,80,0
86,0,81,0
86,0,82,0
86,0,83,0
86,0,84,1
86,0,85,2
86,0,86,2
86,0,87,1
86,0,88,0
86,0,89,0
86,0,90,0
86,0,91,0
86,0,92,0
86,0,93,2
86,0,94,5
86,0,95,6
86,0,96,7
86,0,97,4
86,0,98,2
86,0,99,1
86,0,100,0
86,0,101,0
86,0,102,0
86,0,103,1
86,0,104,0
86,0,105,0
86,0,106,0
86,0,107,0
86,0,108,0
86,0,109,0
86,0,110,0
86,0,111,1
86,0,112,2
86,0,113,1
86,0,114,0
86,0,115,0
86,0,116,0
86,0,117,0
86,0,118,0
86,0,119,0
86,0,120,0
86,0,121,2
86,0,122,2
86,0,123,1
86,0,124,0
86,0,125,0
86,0,126,0
86,0,127,0
86,0,128,0
86,0,129,0
86,0,130,1
86,0,131,0
86,0,132,0
86,0,133,0
86,0,134,0
86,0,135,0
86,0,136,0
86,0,137,0
86,0,138,0
86,0,139,1
86,0,140,0
86,0,141,0
86,0,142,0
86,0,143,0
86,0,144,0
86,0,145,0
86,0,146,0
86,0,147,0
86,0,148,1
86,0,149,0
86,0,150,0
86,0,151,0
86,0,152,0
86,0,153,0
86,0,154,0
86,0,155,0
86,0,156,0
86,0,157,1
86,0,158,0
86,0,159,0
86,0,160,0
86,0,161,0
86,0,162,0
86,0,163,0
86,0,164,0
86,0,165,0
86,0,166,1
86,0,167,0
86,0,168,0
86,0,169,0
86,0,170,0
86,0,171,0
86,0,172,0
86,0,173,0
86,0,174,0
86,0,175,1
86,0,176,0
86,0,177,0
86,0,178,0
86,0,179,0
86,0,180,0
86,0,181,0
86,0,182,0
86,0,183,0
86,0,184,1
86,0,185,0
86,0,186,0
86,0,187,0
86,0,188,0
86,0,189,0
86,0,190,0
86,0,191,0
86,0,192,0
86,0,193,1
86,0,194,0
86,0,195,0
86,0,196,0
86,0,197,0
86,0,198,0
86,0,199,0
86,0,200,0
86,0,201,0
86,0,202,1
86,0,203,0
86,0,204,0
86,0,205,0
86,0,206,0
86,0,207,0
86,0,208,0
86,0,209,0
86,0,210,0
86,0,211,1
86,0,212,0
86,0,213,0
86,0,214,0
86,0,215,0
86,0,216,0
86,0,217,0
86,0,218,0
86,0,219,0
86,0,220,1
86,0,221,0
86,0,222,0
86,0,223,0
86,0,224,0
86,0,225,0
86,0,226,0
86,0,227,0
86,0,228,0
86,0,229,1
86,0,230,0
86,0,231,0
86,0,232,0
86,0,233,0
86,0,234,0
86,0,235,0
86,0,236,0
86,0,237,0
86,0,238,1
86,0,239,0
86,0,240,0
86,0,241,0
86,0,242,0
86,0,243,0
86,0,244,0
86,0,245,0
86,0,246,0
86,0,247,1
86,0,248,0
86,0,249,0
86,0,250,0
86,0,251,0
86,0,252,0
86,0,253,0
86,0,254,0
86,0,255,0
86,0,256,1
86,0,257,0
86,0,258,0
86,0,259,0
86,0,260,0
86,0,261,0
86,0,262,0
86,0,263,0
86,0,264,0
86,0,265,1
86,0,266,0
86,0,267,0
86,0,268,0
86,0,269,0
86,0,270,0
86,0,271,0
86,0,272,0
86,0,273,0
86,0,274,1
86,0,275,0
86,0,276,0
86,0,277,0
86,0,278,0
86,0,279,0
86,0,280,0
86,0,281,0
86,0,282,0
86,0,283,1
86,0,284,0
86,0,285,0
86,0,286,0
86,0,287,0
86,0,288,0
86,0,289,0
86,0,290,0
86,0,291,0
86,0,292,1
86,0,293,0
86,0,294,0
86,0,295,0
86,0,296,0
86,0,297,0
86,0,298,0
86,0,299,0
86,0,300,0
86,0,301,1
86,0,302,0
86,0,303,0
86,0,304,0
86,0,305,0
86,0,306,0
86,0,307,0
86,0,308,0
86,0,309,0
86,0,310,1
86,0,311,0
86,0,312,0
86,0,313,0
86,0,314,0
86,0,315,0
86,0,316,0
86,0,317,0
86,0,318,0
86,0,319,1
86,0,320,0
86,0,321,0
86,0,322,0
86,0,323,0
86,0,324,0
86,0,325,0
86,0,326,0
86,0,327,0
86,0,328,1
86,0,329,1
86,0,330,0
86,0,331,0
86,0,332,0
86,0,333,0
86,0,334,0
86,0,335,0
86,0,336,0
86,0,337,1
86,0,338,1
86,0,339,0
86,0,340,0
86,0,341,0
86,0,342,0
86,0,343,0
86,0,344,0
86,0,345,0
86,0,346,1
86,0,347,0
86,0,348,0
86,0,349,0
86,0,350,0
86,0,351,0
86,0,352,0
86,0,353,0
86,0,354,0
86,0,355,1
86,0,356,1
86,0,357,0
86,0,358,0
86,0,359,0
86,0,360,0
86,0,361,0
86,0,362,0
86,0,363,0
86,0,364,1
86,0,365,1
86,0,366,0
86,0,367,0
86,0,368,0
86,0,369,0
86,0,370,0
86,0,371,0
86,0,372,0
86,0,373,1
86,0,374,0
86,0,375,0
86,0,376,0
86,0,377,0
86,0,378,0
86,0,379,0
86,0,380,0
86,0,381,0
86,0,382,1
86,0,383,0
86,0,384,0
86,0,385,0
86,0,386,0
86,0,387,0
86,0,388,0
86,0,389,0
86,0,390,0
86,0,391,1
86,0,392,0
86,0,393,0
86,0,394,0
86,0,395,0
86,0,396,0
86,0,397,0
86,0,398,0
86,0,399,0
86,0,400,1
86,0,401,0
86,0,402,0
86,0,403,0
86,0,404,0
86,0,405,0
86,0,406,0
86,0,407,0
86,0,408,0
86,0,409,1
86,0,410,0
86,0,411,0
86,0,412,0
86,0,413,0
86,0,414,0
86,0,415,0
86,0,416,0
86,0,417,0
86,0,418,1
86,0,419,0
86,0,420,0
86,0,421,0
86,0,422,0
86,0,423,0
86,0,424,0
86,0,425,0
86,0,426,0
86,0,427,1
86,0,428,0
86,0,429,0
86,0,430,0
86,0,431,0
86,0,432,0
86,0,433,0
86,0,434,0
86,0,435,0
86,0,436,1
86,0,437,1
86,0,438,1
86,0,439,2
86,0,440,2
86,0,441,1
86,0,442,0
86,0,443,0
86,0,444,0
86,0,445,1
86,0,446,1
86,0,447,1
86,0,448,0
86,0,449,0
86,0,450,0
86,0,451,0
86,0,452,0
86,0,453,0
86,0,454,1
86,0,455,1
86,0,456,0
86,0,457,0
86,0,458,0
86,0,459,0
86,0,460,0
86,0,461,1
86,0,462,0
86,0,463,2
86,0,464,1
86,0,465,0
86,0,466,0
86,0,467,0
86,0,468,0
86,0,469,0
86,0,470,0
86,0,471,0
86,0,472,1
86,0,473,1
86,0,474,0
86,0,475,0
86,0,476,0
86,0,477,0
86,0,478,0
86,0,479,0
86,0,480,0
86,0,481,1
86,0,482,0
86,0,483,0
86,0,484,0
86,0,485,0
86,0,486,0
86,0,487,0
86,0,488,0
86,0,489,0
86,0,490,1
86,0,491,0
86,0,492,0
86,0,493,0
86,0,494,0
86,0,495,0
86,0,496,0
86,0,497,0
86,0,498,0
86,0,499,1
86,1,0,0
86,1,1,0
86,1,2,0
86,1,3,0
86,1,4,1
86,1,5,0
86,1,6,0
86,1,7,0
86,1,8,0
86,1,9,0
86,1,10,0
86,1,11,0
86,1,12,0
86,1,13,1
86,1,14,1
86,1,15,1
86,1,16,0
86,1,17,0
86,1,18,0
86,1,19,0
86,1,20,0
86,1,21,0
86,1,22,1
86,1,23,0
86,1,24,0
86,1,25,0
86,1,26,0
86,1,27,0
86,1,28,0
86,1,29,0
86,1,30,0
86,1,31,1
86,1,32,0
86,1,33,0
86,1,34,0
86,1,35,0
86,1,36,0
86,1,37,0
86,1,38,0
86,1,39,0
86,1,40,1
86,1,41,0
86,1,42,0
86,1,43,0
86,1,44,0
86,1,45,0
86,1,46,0
86,1,47,0
86,1,48,0
86,1,49,1
86,1,50,0
86,1,51,0
86,1,52,0
86,1,53,0
86,1,54,0
86,1,55,0
86,1,56,0
86,1,57,0
86,1,58,1
86,1,59,0
86,1,60,0
86,1,61,0
86,1,62,0
86,1,63,0
86,1,64,0
86,1,65,0
86,1,66,0
86,1,67,1
86,1,68,0
86,1,69,0
86,1,70,0
86,1,71,0
86,1,72,0
86,1,73,0
86,1,74,0
86,1,75,0
86,1,76,1
86,1,77,0
86,1,78,0
86,1,79,0
86,1,80,0
86,1,81,0
86,1,82,0
86,1,83,0
86,1,84,0
86,1,85,1
86,1,86,1
86,1,87,1
86,1,88,0
86,1,89,1
86,1,90,1
86,1,91,0
86,1,92,10
86,1,93,31
86,1,94,30
86,1,95,33
86,1,96,38
86,1,97,38
86,1,98,28
86,1,99,19
86,1,100,10
86,1,101,6
86,1,102,3
86,1,103,2
86,1,104,1
86,1,105,0
86,1,106,0
86,1,107,0
86,1,108,0
86,1,109,0
86,1,110,0
86,1,111,0
86,1,112,1
86,1,113,1
86,1,114,1
86,1,115,0
86,1,116,0
86,1,117,0
86,1,118,0
86,1,119,0
86,1,120,0
86,1,121,1
86,1,122,0
86,1,123,0
86,1,124,0
86,1,125,0
86,1,126,0
86,1,127,0
86,1,128,0
86,1,129,0
86,1,130,1
86,1,131,0
86,1,132,0
86,1,133,0
86,1,134,0
86,1,135,0
86,1,136,0
86,1,137,0
86,1,138,0
86,1,139,1
86,1,140,0
86,1,141,0
86,1,142,0
86,1,143,0
86,1,144,0
86,1,145,0
86,1,146,0
86,1,147,0
86,1,148,1
86,1,149,0
86,1,150,0
86,1,151,0
86,1,152,0
86,1,153,0
86,1,154,0
86,1,155,0
86,1,156,0
86,1,157,1
86,1,158,0
86,1,159,0
86,1,160,0
86,1,161,0
86,1,162,0
86,1,163,0
86,1,164,0
86,1,165,0
86,1,166,1
86,1,167,0
86,1,168,0
86,1,169,0
86,1,170,0
86,1,171,0
86,1,172,0
86,1,173,0
86,1,174,0
86,1,175,1
86,1,176,0
86,1,177,0
86,1,178,0
86,1,179,0
86,1,180,0
86,1,181,0
86,1,182,0
86,1,183,0
86,1,184,1
86,1,185,0
86,1,186,0
86,1,187,0
86,1,188,0
86,1,189,0
86,1,190,0
86,1,191,0
86,1,192,0
86,1,193,1
86,1,194,0
86,1,195,0
86,1,196,0
86,1,197,0
86,1,198,0
86,1,199,0
86,1,200,0
86,1,201,0
86,1,202,1
86,1,203,0
86,1,204,0
86,1,205,0
86,1,206,0
86,1,207,0
86,1,208,0
86,1,209,3
86,1,210,1
86,1,211,1
86,1,212,0
86,1,213,0
86,1,214,0
86,1,215,0
86,1,216,2
86,1,217,1
86,1,218,0
86,1,219,0
86,1,220,1
86,1,221,0
86,1,222,0
86,1,223,0
86,1,224,0
86,1,225,0
86,1,226,0
86,1,227,0
86,1,228,0
86,1,229,1
86,1,230,0
86,1,231,0
86,1,232,0
86,1,233,0
86,1,234,0
86,1,235,0
86,1,236,0
86,1,237,0
86,1,238,1
86,1,239,0
86,1,240,0
86,1,241,0
86,1,242,0
86,1,243,0
86,1,244,0
86,1,245,0
86,1,246,0
86,1,247,1
86,1,248,0
86,1,249,0
86,1,250,0
86,1,251,0
86,1,252,0
86,1,253,0
86,1,254,2
86,1,255,2
86,1,256,4
86,1,257,6
86,1,258,8
86,1,259,13
86,1,260,16
86,1,261,17
86,1,262,18
86,1,263,19
86,1,264,20
86,1,265,22
86,1,266,24
86,1,267,24
86,1,268,26
86,1,269,28
86,1,270,19
86,1,271,9
86,1,272,4
86,1,273,2
86,1,274,2
86,1,275,1
86,1,276,1
86,1,277,0
86,1,278,2
86,1,279,1
86,1,280,0
86,1,281,5
86,1,282,2
86,1,283,4
86,1,284,2
86,1,285,1
86,1,286,0
86,1,287,0
86,1,288,0
86,1,289,0
86,1,290,0
86,1,291,0
86,1,292,1
86,1,293,0
86,1,294,0
86,1,295,0
86,1,296,0
86,1,297,0
86,1,298,0
86,1,299,0
86,1,300,0
86,1,301,1
86,1,302,0
86,1,303,0
86,1,304,0
86,1,305,0
86,1,306,0
86,1,307,0
86,1,308,0
86,1,309,0
86,1,310,1
86,1,311,0
86,1,312,0
86,1,313,0
86,1,314,0
86,1,315,0
86,1,316,0
86,1,317,0
86,1,318,0
86,1,319,1
86,1,320,1
86,1,321,1
86,1,322,1
86,1,323,2
86,1,324,2
86,1,325,1
86,1,326,0
86,1,327,0
86,1,328,1
86,1,329,0
86,1,330,0
86,1,331,0
86,1,332,0
86,1,333,0
86,1,334,0
86,1,335,0
86,1,336,0
86,1,337,1
86,1,338,0
86,1,339,0
86,1,340,0
86,1,341,0
86,1,342,0
86,1,343,0
86,1,344,0
86,1,345,0
86,1,346,1
86,1,347,0
86,1,348,0
86,1,349,0
86,1,350,0
86,1,351,0
86,1,352,0
86,1,353,0
86,1,354,0
86,1,355,1
86,1,356,0
86,1,357,0
86,1,358,0
86,1,359,0
86,1,360,0
86,1,361,0
86,1,362,0
86,1,363,0
86,1,364,1
86,1,365,0
86,1,366,0
86,1,367,0
86,1,368,0
86,1,369,0
86,1,370,0
86,1,371,0
86,1,372,0
86,1,373,1
86,1,374,0
86,1,375,0
86,1,376,0
86,1,377,0
86,1,378,0
86,1,379,1
86,1,380,1
86,1,381,0
86,1,382,1
86,1,383,0
86,1,384,0
86,1,385,0
86,1,386,1
86,1,387,0
86,1,388,0
86,1,389,0
86,1,390,0
86,1,391,1
86,1,392,0
86,1,393,0
86,1,394,0
86,1,395,0
86,1,396,0
86,1,397,0
86,1,398,0
86,1,399,0
86,1,400,1
86,1,401,0
86,1,402,0
86,1,403,0
86,1,404,0
86,1,405,0
86,1,406,0
86,1,407,0
86,1,408,0
86,1,409,1
86,1,410,0
86,1,411,0
86,1,412,0
86,1,413,0
86,1,414,0
86,1,415,0
86,1,416,0
86,1,417,0
86,1,418,1
86,1,419,0
86,1,420,0
86,1,421,0
86,1,422,0
86,1,423,0
86,1,424,0
86,1,425,0
86,1,426,0
86,1,427,1
86,1,428,0
86,1,429,0
86,1,430,0
86,1,431,0
86,1,432,0
86,1,433,0
86,1,434,0
86,1,435,0
86,1,436,1
86,1,437,0
86,1,438,0
86,1,439,0
86,1,440,0
86,1,441,0
86,1,442,0
86,1,443,0
86,1,444,0
86,1,445,1
86,1,446,0
86,1,447,0
86,1,448,0
86,1,449,0
86,1,450,0
86,1,451,0
86,1,452,0
86,1,453,0
86,1,454,1
86,1,455,0
86,1,456,0
86,1,457,0
86,1,458,0
86,1,459,0
86,1,460,0
86,1,461,0
86,1,462,0
86,1,463,1
86,1,464,0
86,1,465,0
86,1,466,0
86,1,467,0
86,1,468,0
86,1,469,0
86,1,470,0
86,1,471,0
86,1,472,1
86,1,473,1
86,1,474,1
86,1,475,0
86,1,476,0
86,1,477,0
86,1,478,0
86,1,479,0
86,1,480,0
86,1,481,1
86,1,482,0
86,1,483,0
86,1,484,0
86,1,485,0
86,1,486,0
86,1,487,0
86,1,488,0
86,1,489,0
86,1,490,1
86,1,491,0
86,1,492,0
86,1,493,0
86,1,494,0
86,1,495,0
86,1,496,0
86,1,497,0
86,1,498,0
86,1,499,1
86,2,0,0
86,2,1,0
86,2,2,0
86,2,3,0
86,2,4,1
86,2,5,0
86,2,6,0
86,2,7,0
86,2,8,0
86,2,9,0
86,2,10,0
86,2,11,0
86,2,12,0
86,2,13,1
86,2,14,0
86,2,15,0
86,2,16,0
86,2,17,0
86,2,18,0
86,2,19,0
86,2,20,0
86,2,21,0
86,2,22,1
86,2,23,0
86,2,24,0
86,2,25,0
86,2,26,0
86,2,27,0
86,2,28,0
86,2,29,0
86,2,30,0
86,2,31,1
86,2,32,0
86,2,33,0
86,2,34,0
86,2,35,0
86,2,36,0
86,2,37,0
86,2,38,0
86,2,39,0
86,2,40,1
86,2,41,0
86,2,42,0
86,2,43,0
86,2,44,0
86,2,45,0
86,2,46,0
86,2,47,0
86,2,48,0
86,2,49,1
86,2,50,0
86,2,51,0
86,2,52,0
86,2,53,0
86,2,54,0
86,2,55,0
86,2,56,0
86,2,57,0
86,2,58,1
86,2,59,0
86,2,60,0
86,2,61,0
86,2,62,0
86,2,63,0
86,2,64,0
86,2,65,0
86,2,66,0
86,2,67,1
86,2,68,0
86,2,69,0
86,2,70,0
86,2,71,0
86,2,72,0
86,2,73,0
86,2,74,0
86,2,75,0
86,2,76,1
86,2,77,0
86,2,78,0
86,2,79,0
86,2,80,0
86,2,81,0
86,2,82,0
86,2,83,0
86,2,84,0
86,2,85,1
86,2,86,6
86,2,87,6
86,2,88,3
86,2,89,1
86,2,90,0
86,2,91,0
86,2,92,0
86,2,93,0
86,2,94,1
86,2,95,0
86,2,96,0
86,2,97,0
86,2,98,0
86,2,99,4
86,2,100,2
86,2,101,1
86,2,102,0
86,2,103,1
86,2,104,0
86,2,105,0
86,2,106,0
86,2,107,0
86,2,108,0
86,2,109,0
86,2,110,0
86,2,111,0
86,2,112,1
86,2,113,0
86,2,114,0
86,2,115,0
86,2,116,0
86,2,117,0
86,2,118,0
86,2,119,0
86,2,120,0
86,2,121,1
86,2,122,0
86,2,123,0
86,2,124,0
86,2,125,0
86,2,126,0
86,2,127,0
86,2,128,0
86,2,129,0
86,2,130,1
86,2,131,0
86,2,132,0
86,2,133,0
86,2,134,0
86,2,135,0
86,2,136,0
86,2,137,0
86,2,138,0
86,2,139,1
86,2,140,0
86,2,141,0
86,2,142,0
86,2,143,0
86,2,144,0
86,2,145,0
86,2,146,0
86,2,147,0
86,2,148,1
86,2,149,0
86,2,150,0
86,2,151,0
86,2,152,0
86,2,153,0
86,2,154,0
86,2,155,0
86,2,156,0
86,2,157,1
86,2,158,1
86,2,159,0
86,2,160,0
86,2,161,0
86,2,162,0
86,2,163,0
86,2,164,0
86,2,165,0
86,2,166,1
86,2,167,1
86,2,168,0
86,2,169,0
86,2,170,0
86,2,171,0
86,2,172,0
86,2,173,0
86,2,174,0
86,2,175,1
86,2,176,0
86,2,177,0
86,2,178,0
86,2,179,0
86,2,180,0
86,2,181,0
86,2,182,0
86,2,183,0
86,2,184,1
86,2,185,0
86,2,186,0
86,2,187,0
86,2,188,0
86,2,189,0
86,2,190,0
86,2,191,0
86,2,192,0
86,2,193,1
86,2,194,0
86,2,195,0
86,2,196,0
86,2,197,0
86,2,198,0
86,2,199,0
86,2,200,0
86,2,201,0
86,2,202,1
86,2,203,0
86,2,204,0
86,2,205,0
86,2,206,0
86,2,207,0
86,2,208,0
86,2,209,0
86,2,210,0
86,2,211,1
86,2,212,0
86,2,213,0
86,2,214,0
86,2,215,0
86,2,216,0
86,2,217,0
86,2,218,0
86,2,219,0
86,2,220,1
86,2,221,1
86,2,222,0
86,2,223,0
86,2,224,0
86,2,225,0
86,2,226,0
86,2,227,0
86,2,228,0
86,2,229,1
86,2,230,0
86,2,231,0
86,2,232,0
86,2,233,0
86,2,234,0
86,2,235,0
86,2,236,0
86,2,237,0
86,2,238,1
86,2,239,0
86,2,240,0
86,2,241,0
86,2,242,0
86,2,243,0
86,2,244,0
86,2,245,0
86,2,246,0
86,2,247,1
86,2,248,0
86,2,249,0
86,2,250,0
86,2,251,0
86,2,252,0
86,2,253,0
86,2,254,0
86,2,255,0
86,2,256,1
86,2,257,0
86,2,258,0
86,2,259,0
86,2,260,0
86,2,261,0
86,2,262,0
86,2,263,0
86,2,264,3
86,2,265,4
86,2,266,2
86,2,267,1
86,2,268,0
86,2,269,0
86,2,270,0
86,2,271,0
86,2,272,0
86,2,273,0
86,2,274,1
86,2,275,0
86,2,276,0
86,2,277,0
86,2,278,0
86,2,279,0
86,2,280,0
86,2,281,0
86,2,282,0
86,2,283,1
86,2,284,0
86,2,285,0
86,2,286,0
86,2,287,0
86,2,288,0
86,2,289,0
86,2,290,0
86,2,291,0
86,2,292,1
86,2,293,0
86,2,294,0
86,2,295,0
86,2,296,0
86,2,297,0
86,2,298,0
86,2,299,0
86,2,300,0
86,2,301,1
86,2,302,1
86,2,303,1
86,2,304,1
86,2,305,1
86,2,306,0
86,2,307,0
86,2,308,0
86,2,309,0
86,2,310,1
86,2,311,0
86,2,312,0
86,2,313,0
86,2,314,0
86,2,315,0
86,2,316,0
86,2,317,0
86,2,318,0
86,2,319,1
86,2,320,1
86,2,321,1
86,2,322,1
86,2,323,0
86,2,324,0
86,2,325,0
86,2,326,0
86,2,327,0
86,2,328,1
86,2,329,0
86,2,330,0
86,2,331,0
86,2,332,0
86,2,333,0
86,2,334,0
86,2,335,0
86,2,336,0
86,2,337,1
86,2,338,0
86,2,339,0
86,2,340,0
86,2,341,0
86,2,342,0
86,2,343,0
86,2,344,0
86,2,345,0
86,2,346,1
86,2,347,0
86,2,348,0
86,2,349,0
86,2,350,0
86,2,351,0
86,2,352,0
86,2,353,0
86,2,354,0
86,2,355,1
86,2,356,0
86,2,357,0
86,2,358,0
86,2,359,0
86,2,360,0
86,2,361,0
86,2,362,0
86,2,363,0
86,2,364,1
86,2,365,1
86,2,366,0
86,2,367,0
86,2,368,0
86,2,369,0
86,2,370,0
86,2,371,0
86,2,372,0
86,2,373,1
86,2,374,1
86,2,375,0
86,2,376,0
86,2,377,0
86,2,378,0
86,2,379,0
86,2,380,0
86,2,381,0
86,2,382,1
86,2,383,0
86,2,384,0
86,2,385,0
86,2,386,0
86,2,387,0
86,2,388,0
86,2,389,0
86,2,390,0
86,2,391,1
86,2,392,0
86,2,393,0
86,2,394,0
86,2,395,0
86,2,396,0
86,2,397,0
86,2,398,0
86,2,399,0
86,2,400,1
86,2,401,0
86,2,402,0
86,2,403,0
86,2,404,0
86,2,405,0
86,2,406,0
86,2,407,0
86,2,408,0
86,2,409,1
86,2,410,0
86,2,411,0
86,2,412,0
86,2,413,0
86,2,414,0
86,2,415,0
86,2,416,0
86,2,417,0
86,2,418,1
86,2,419,0
86,2,420,0
86,2,421,0
86,2,422,0
86,2,423,0
86,2,424,0
86,2,425,0
86,2,426,0
86,2,427,1
86,2,428,0
86,2,429,0
86,2,430,0
86,2,431,0
86,2,432,0
86,2,433,0
86,2,434,0
86,2,435,0
86,2,436,1
86,2,437,1
86,2,438,0
86,2,439,0
86,2,440,0
86,2,441,0
86,2,442,0
86,2,443,0
86,2,444,0
86,2,445,1
86,2,446,0
86,2,447,0
86,2,448,0
86,2,449,0
86,2,450,0
86,2,451,0
86,2,452,0
86,2,453,0
86,2,454,1
86,2,455,0
86,2,456,0
86,2,457,0
86,2,458,0
86,2,459,0
86,2,460,0
86,2,461,0
86,2,462,0
86,2,463,1
86,2,464,0
86,2,465,0
86,2,466,0
86,2,467,0
86,2,468,0
86,2,469,0
86,2,470,0
86,2,471,0
86,2,472,1
86,2,473,0
86,2,474,0
86,2,475,0
86,2,476,0
86,2,477,0
86,2,478,0
86,2,479,0
86,2,480,0
86,2,481,1
86,2,482,0
86,2,483,0
86,2,484,0
86,2,485,0
86,2,486,0
86,2,487,0
86,2,488,0
86,2,489,0
86,2,490,1
86,2,491,0
86,2,492,0
86,2,493,0
86,2,494,0
86,2,495,0
86,2,496,0
86,2,497,0
86,2,498,0
86,2,499,1
86,3,0,0
86,3,1,0
86,3,2,0
86,3,3,0
86,3,4,1
86,3,5,0
86,3,6,0
86,3,7,0
86,3,8,0
86,3,9,0
86,3,10,0
86,3,11,0
86,3,12,0
86,3,13,1
86,3,14,0
86,3,15,0
86,3,16,0
86,3,17,0
86,3,18,0
86,3,19,0
86,3,20,0
86,3,21,0
86,3,22,1
86,3,23,0
86,3,24,0
86,3,25,0
86,3,26,0
86,3,27,0
86,3,28,0
86,3,29,0
86,3,30,0
86,3,31,1
86,3,32,0
86,3,33,0
86,3,34,0
86,3,35,0
86,3,36,0
86,3,37,0
86,3,38,0
86,3,39,1
86,3,40,1
86,3,41,0
86,3,42,0
86,3,43,0
86,3,44,0
86,3,45,0
86,3,46,0
86,3,47,0
86,3,48,0
86,3,49,1
86,3,50,1
86,3,51,0
86,3,52,0
86,3,53,0
86,3,54,0
86,3,55,0
86,3,56,0
86,3,57,0
86,3,58,1
86,3,59,0
86,3,60,0
86,3,61,0
86,3,62,0
86,3,63,0
86,3,64,0
86,3,65,0
86,3,66,0
86,3,67,1
86,3,68,0
86,3,69,0
86,3,70,0
86,3,71,0
86,3,72,0
86,3,73,0
86,3,74,0
86,3,75,0
86,3,76,1
86,3,77,0
86,3,78,0
86,3,79,0
86,3,80,0
86,3,81,0
86,3,82,0
86,3,83,0
86,3,84,0
86,3,85,1
86,3,86,0
86,3,87,0
86,3,88,0
86,3,89,0
86,3,90,0
86,3,91,0
86,3,92,0
86,3,93,0
86,3,94,1
86,3,95,0
86,3,96,0
86,3,97,0
86,3,98,0
86,3,99,0
86,3,100,0
86,3,101,0
86,3,102,0
86,3,103,1
86,3,104,0
86,3,105,0
86,3,106,0
86,3,107,0
86,3,108,0
86,3,109,0
86,3,110,0
86,3,111,0
86,3,112,1
86,3,113,0
86,3,114,0
86,3,115,0
86,3,116,0
86,3,117,0
86,3,118,0
86,3,119,0
86,3,120,0
86,3,121,1
86,3,122,2
86,3,123,3
86,3,124,4
86,3,125,6
86,3,126,4
86,3,127,2
86,3,128,1
86,3,129,1
86,3,130,3
86,3,131,1
86,3,132,1
86,3,133,0
86,3,134,0
86,3,135,0
86,3,136,0
86,3,137,0
86,3,138,0
86,3,139,1
86,3,140,0
86,3,141,0
86,3,142,0
86,3,143,0
86,3,144,0
86,3,145,0
86,3,146,0
86,3,147,0
86,3,148,1
86,3,149,0
86,3,150,0
86,3,151,0
86,3,152,0
86,3,153,0
86,3,154,0
86,3,155,0
86,3,156,0
86,3,157,1
86,3,158,0
86,3,159,0
86,3,160,0
86,3,161,0
86,3,162,0
86,3,163,0
86,3,164,0
86,3,165,0
86,3,166,1
86,3,167,0
86,3,168,0
86,3,169,0
86,3,170,0
86,3,171,0
86,3,172,0
86,3,173,0
86,3,174,0
86,3,175,1
86,3,176,1
86,3,177,2
86,3,178,3
86,3,179,2
86,3,180,1
86,3,181,1
86,3,182,1
86,3,183,1
86,3,184,2
86,3,185,3
86,3,186,4
86,3,187,5
86,3,188,6
86,3,189,6
86,3,190,7
86,3,191,7
86,3,192,7
86,3,193,8
86,3,194,9
86,3,195,10
86,3,196,11
86,3,197,6
86,3,198,6
86,3,199,6
86,3,200,3
86,3,201,1
86,3,202,1
86,3,203,0
86,3,204,0
86,3,205,0
86,3,206,0
86,3,207,0
86,3,208,0
86,3,209,0
86,3,210,0
86,3,211,1
86,3,212,0
86,3,213,0
86,3,214,0
86,3,215,0
86,3,216,0
86,3,217,0
86,3,218,0
86,3,219,0
86,3,220,1
86,3,221,0
86,3,222,0
86,3,223,0
86,3,224,0
86,3,225,0
86,3,226,0
86,3,227,0
86,3,228,0
86,3,229,1
86,3,230,0
86,3,231,0
86,3,232,0
86,3,233,0
86,3,234,0
86,3,235,0
86,3,236,0
86,3,237,0
86,3,238,1
86,3,239,0
86,3,240,0
86,3,241,0
86,3,242,0
86,3,243,0
86,3,244,0
86,3,245,0
86,3,246,0
86,3,247,1
86,3,248,0
86,3,249,0
86,3,250,0
86,3,251,0
86,3,252,1
86,3,253,0
86,3,254,0
86,3,255,0
86,3,256,1
86,3,257,1
86,3,258,1
86,3,259,1
86,3,260,1
86,3,261,1
86,3,262,0
86,3,263,0
86,3,264,0
86,3,265,1
86,3,266,0
86,3,267,7
86,3,268,8
86,3,269,9
86,3,270,9
86,3,271,22
86,3,272,34
86,3,273,42
86,3,274,38
86,3,275,40
86,3,276,47
86,3,277,48
86,3,278,40
86,3,279,42
86,3,280,42
86,3,281,48
86,3,282,40
86,3,283,33
86,3,284,23
86,3,285,16
86,3,286,10
86,3,287,6
86,3,288,3
86,3,289,1
86,3,290,0
86,3,291,0
86,3,292,1
86,3,293,1
86,3,294,1
86,3,295,2
86,3,296,2
86,3,297,1
86,3,298,1
86,3,299,1
86,3,300,0
86,3,301,1
86,3,302,1
86,3,303,0
86,3,304,3
86,3,305,1
86,3,306,0
86,3,307,0
86,3,308,1
86,3,309,1
86,3,310,3
86,3,311,2
86,3,312,2
86,3,313,1
86,3,314,2
86,3,315,2
86,3,316,1
86,3,317,0
86,3,318,0
86,3,319,1
86,3,320,1
86,3,321,0
86,3,322,0
86,3,323,0
86,3,324,0
86,3,325,0
86,3,326,0
86,3,327,0
86,3,328,1
86,3,329,0
86,3,330,0
86,3,331,0
86,3,332,0
86,3,333,0
86,3,334,0
86,3,335,0
86,3,336,0
86,3,337,1
86,3,338,1
86,3,339,0
86,3,340,0
86,3,341,0
86,3,342,0
86,3,343,0
86,3,344,0
86,3,345,0
86,3,346,1
86,3,347,0
86,3,348,0
86,3,349,0
86,3,350,0
86,3,351,0
86,3,352,0
86,3,353,0
86,3,354,0
86,3,355,1
86,3,356,0
86,3,357,0
86,3,358,0
86,3,359,0
86,3,360,0
86,3,361,0
86,3,362,0
86,3,363,0
86,3,364,1
86,3,365,0
86,3,366,0
86,3,367,0
86,3,368,0
86,3,369,0
86,3,370,0
86,3,371,0
86,3,372,0
86,3,373,1
86,3,374,1
86,3,375,0
86,3,376,0
86,3,377,0
86,3,378,0
86,3,379,0
86,3,380,0
86,3,381,0
86,3,382,1
86,3,383,0
86,3,384,0
86,3,385,0
86,3,386,0
86,3,387,0
86,3,388,0
86,3,389,0
86,3,390,0
86,3,391,1
86,3,392,0
86,3,393,0
86,3,394,0
86,3,395,0
86,3,396,0
86,3,397,0
86,3,398,0
86,3,399,0
86,3,400,1
86,3,401,0
86,3,402,0
86,3,403,0
86,3,404,0
86,3,405,0
86,3,406,0
86,3,407,0
86,3,408,0
86,3,409,1
86,3,410,0
86,3,411,0
86,3,412,0
86,3,413,0
86,3,414,0
86,3,415,0
86,3,416,0
86,3,417,0
86,3,418,1
86,3,419,0
86,3,420,0
86,3,421,0
86,3,422,0
86,3,423,0
86,3,424,0
86,3,425,0
86,3,426,0
86,3,427,1
86,3,428,0
86,3,429,0
86,3,430,0
86,3,431,0
86,3,432,0
86,3,433,0
86,3,434,0
86,3,435,0
86,3,436,1
86,3,437,0
86,3,438,0
86,3,439,0
86,3,440,0
86,3,441,0
86,3,442,0
86,3,443,0
86,3,444,0
86,3,445,1
86,3,446,0
86,3,447,0
86,3,448,0
86,3,449,0
86,3,450,0
86,3,451,0
86,3,452,0
86,3,453,0
86,3,454,1
86,3,455,0
86,3,456,0
86,3,457,0
86,3,458,0
86,3,459,0
86,3,460,0
86,3,461,0
86,3,462,0
86,3,463,1
86,3,464,0
86,3,465,0
86,3,466,0
86,3,467,0
86,3,468,0
86,3,469,0
86,3,470,0
86,3,471,0
86,3,472,3
86,3,473,5
86,3,474,6
86,3,475,4
86,3,476,4
86,3,477,9
86,3,478,6
86,3,479,3
86,3,480,1
86,3,481,1
86,3,482,0
86,3,483,0
86,3,484,0
86,3,485,0
86,3,486,1
86,3,487,0
86,3,488,0
86,3,489,0
86,3,490,1
86,3,491,0
86,3,492,0
86,3,493,0
86,3,494,0
86,3,495,0
86,3,496,0
86,3,497,0
86,3,498,0
86,3,499,3
86,4,0,0
86,4,1,0
86,4,2,0
86,4,3,0
86,4,4,1
86,4,5,0
86,4,6,0
86,4,7,0
86,4,8,0
86,4,9,0
86,4,10,0
86,4,11,0
86,4,12,0
86,4,13,1
86,4,14,0
86,4,15,0
86,4,16,0
86,4,17,0
86,4,18,0
86,4,19,0
86,4,20,0
86,4,21,0
86,4,22,1
86,4,23,0
86,4,24,0
86,4,25,0
86,4,26,0
86,4,27,0
86,4,28,0
86,4,29,0
86,4,30,0
86,4,31,2
86,4,32,2
86,4,33,3
86,4,34,3
86,4,35,3
86,4,36,3
86,4,37,3
86,4,38,3
86,4,39,3
86,4,40,6
86,4,41,5
86,4,42,3
86,4,43,1
86,4,44,0
86,4,45,0
86,4,46,0
86,4,47,0
86,4,48,0
86,4,49,1
86,4,50,1
86,4,51,0
86,4,52,0
86,4,53,0
86,4,54,0
86,4,55,0
86,4,56,0
86,4,57,0
86,4,58,1
86,4,59,1
86,4,60,0
86,4,61,0
86,4,62,0
86,4,63,0
86,4,64,0
86,4,65,0
86,4,66,0
86,4,67,1
86,4,68,0
86,4,69,0
86,4,70,0
86,4,71,0
86,4,72,0
86,4,73,0
86,4,74,0
86,4,75,0
86,4,76,1
86,4,77,0
86,4,78,0
86,4,79,0
86,4,80,0
86,4,81,0
86,4,82,0
86,4,83,0
86,4,84,0
86,4,85,1
86,4,86,0
86,4,87,0
86,4,88,0
86,4,89,0
86,4,90,0
86,4,91,0
86,4,92,0
86,4,93,0
86,4,94,1
86,4,95,0
86,4,96,0
86,4,97,0
86,4,98,0
86,4,99,0
86,4,100,0
86,4,101,0
86,4,102,0
86,4,103,2
86,4,104,1
86,4,105,0
86,4,106,0
86,4,107,0
86,4,108,0
86,4,109,0
86,4,110,0
86,4,111,0
86,4,112,2
86,4,113,1
86,4,114,0
86,4,115,0
86,4,116,0
86,4,117,0
86,4,118,0
86,4,119,0
86,4,120,0
86,4,121,2
86,4,122,1
86,4,123,0
86,4,124,0
86,4,125,0
86,4,126,0
86,4,127,0
86,4,128,0
86,4,129,0
86,4,130,2
86,4,131,1
86,4,132,0
86,4,133,0
86,4,134,0
86,4,135,0
86,4,136,0
86,4,137,0
86,4,138,0
86,4,139,1
86,4,140,1
86,4,141,0
86,4,142,0
86,4,143,0
86,4,144,0
86,4,145,0
86,4,146,0
86,4,147,0
86,4,148,2
86,4,149,1
86,4,150,0
86,4,151,0
86,4,152,1
86,4,153,1
86,4,154,0
86,4,155,0
86,4,156,2
86,4,157,5
86,4,158,8
86,4,159,9
86,4,160,4
86,4,161,2
86,4,162,1
86,4,163,0
86,4,164,0
86,4,165,0
86,4,166,2
86,4,167,2
86,4,168,1
86,4,169,0
86,4,170,0
86,4,171,0
86,4,172,0
86,4,173,0
86,4,174,0
86,4,175,1
86,4,176,0
86,4,177,0
86,4,178,0
86,4,179,0
86,4,180,0
86,4,181,0
86,4,182,0
86,4,183,0
86,4,184,1
86,4,185,0
86,4,186,0
86,4,187,0
86,4,188,0
86,4,189,0
86,4,190,0
86,4,191,0
86,4,192,0
86,4,193,1
86,4,194,0
86,4,195,0
86,4,196,0
86,4,197,0
86,4,198,6
86,4,199,4
86,4,200,3
86,4,201,1
86,4,202,1
86,4,203,0
86,4,204,0
86,4,205,0
86,4,206,0
86,4,207,0
86,4,208,0
86,4,209,0
86,4,210,0
86,4,211,1
86,4,212,5
86,4,213,5
86,4,214,5
86,4,215,5
86,4,216,5
86,4,217,5
86,4,218,5
86,4,219,5
86,4,220,7
86,4,221,7
86,4,222,7
86,4,223,14
86,4,224,7
86,4,225,7
86,4,226,3
86,4,227,3
86,4,228,5
86,4,229,7
86,4,230,7
86,4,231,7
86,4,232,16
86,4,233,25
86,4,234,29
86,4,235,31
86,4,236,22
86,4,237,13
86,4,238,20
86,4,239,10
86,4,240,20
86,4,241,30
86,4,242,25
86,4,243,15
86,4,244,7
86,4,245,3
86,4,246,1
86,4,247,1
86,4,248,0
86,4,249,0
86,4,250,0
86,4,251,10
86,4,252,5
86,4,253,15
86,4,254,7
86,4,255,8
86,4,256,10
86,4,257,20
86,4,258,20
86,4,259,35
86,4,260,35
86,4,261,29
86,4,262,26
86,4,263,25
86,4,264,25
86,4,265,26
86,4,266,27
86,4,267,27
86,4,268,17
86,4,269,8
86,4,270,4
86,4,271,2
86,4,272,12
86,4,273,24
86,4,274,35
86,4,275,47
86,4,276,40
86,4,277,44
86,4,278,44
86,4,279,40
86,4,280,43
86,4,281,43
86,4,282,40
86,4,283,31
86,4,284,21
86,4,285,11
86,4,286,5
86,4,287,2
86,4,288,1
86,4,289,0
86,4,290,0
86,4,291,0
86,4,292,1
86,4,293,0
86,4,294,0
86,4,295,0
86,4,296,0
86,4,297,0
86,4,298,0
86,4,299,0
86,4,300,0
86,4,301,1
86,4,302,0
86,4,303,0
86,4,304,0
86,4,305,0
86,4,306,0
86,4,307,0
86,4,308,0
86,4,309,0
86,4,310,1
86,4,311,0
86,4,312,0
86,4,313,0
86,4,314,0
86,4,315,0
86,4,316,0
86,4,317,0
86,4,318,0
86,4,319,1
86,4,320,0
86,4,321,0
86,4,322,0
86,4,323,0
86,4,324,0
86,4,325,0
86,4,326,0
86,4,327,0
86,4,328,1
86,4,329,0
86,4,330,0
86,4,331,0
86,4,332,0
86,4,333,0
86,4,334,0
86,4,335,0
86,4,336,0
86,4,337,1
86,4,338,0
86,4,339,0
86,4,340,0
86,4,341,0
86,4,342,0
86,4,343,0
86,4,344,0
86,4,345,0
86,4,346,1
86,4,347,0
86,4,348,0
86,4,349,0
86,4,350,0
86,4,351,0
86,4,352,0
86,4,353,0
86,4,354,0
86,4,355,1
86,4,356,0
86,4,357,0
86,4,358,0
86,4,359,0
86,4,360,0
86,4,361,0
86,4,362,0
86,4,363,0
86,4,364,1
86,4,365,0
86,4,366,0
86,4,367,0
86,4,368,0
86,4,369,0
86,4,370,0
86,4,371,0
86,4,372,0
86,4,373,1
86,4,374,1
86,4,375,0
86,4,376,0
86,4,377,0
86,4,378,0
86,4,379,0
86,4,380,0
86,4,381,0
86,4,382,1
86,4,383,1
86,4,384,0
86,4,385,0
86,4,386,0
86,4,387,0
86,4,388,0
86,4,389,0
86,4,390,0
86,4,391,1
86,4,392,0
86,4,393,0
86,4,394,0
86,4,395,0
86,4,396,0
86,4,397,0
86,4,398,0
86,4,399,0
86,4,400,1
86,4,401,0
86,4,402,0
86,4,403,0
86,4,404,0
86,4,405,0
86,4,406,0
86,4,407,0
86,4,408,0
86,4,409,1
86,4,410,0
86,4,411,0
86,4,412,0
86,4,413,0
86,4,414,0
86,4,415,0
86,4,416,0
86,4,417,0
86,4,418,1
86,4,419,0
86,4,420,0
86,4,421,0
86,4,422,0
86,4,423,0
86,4,424,0
86,4,425,0
86,4,426,0
86,4,427,1
86,4,428,0
86,4,429,0
86,4,430,0
86,4,431,0
86,4,432,0
86,4,433,0
86,4,434,0
86,4,435,0
86,4,436,1
86,4,437,0
86,4,438,0
86,4,439,0
86,4,440,0
86,4,441,0
86,4,442,0
86,4,443,0
86,4,444,0
86,4,445,1
86,4,446,1
86,4,447,0
86,4,448,0
86,4,449,0
86,4,450,0
86,4,451,0
86,4,452,0
86,4,453,0
86,4,454,1
86,4,455,0
86,4,456,0
86,4,457,0
86,4,458,0
86,4,459,0
86,4,460,0
86,4,461,0
86,4,462,0
86,4,463,1
86,4,464,0
86,4,465,0
86,4,466,0
86,4,467,0
86,4,468,0
86,4,469,0
86,4,470,0
86,4,471,0
86,4,472,1
86,4,473,0
86,4,474,0
86,4,475,0
86,4,476,0
86,4,477,0
86,4,478,0
86,4,479,0
86,4,480,0
86,4,481,1
86,4,482,0
86,4,483,0
86,4,484,0
86,4,485,0
86,4,486,0
86,4,487,0
86,4,488,0
86,4,489,0
86,4,490,1
86,4,491,0
86,4,492,0
86,4,493,0
86,4,494,0
86,4,495,0
86,4,496,0
86,4,497,0
86,4,498,0
86,4,499,1
86,5,0,0
86,5,1,0
86,5,2,0
86,5,3,0
86,5,4,1
86,5,5,0
86,5,6,0
86,5,7,0
86,5,8,0
86,5,9,0
86,5,10,0
86,5,11,0
86,5,12,0
86,5,13,1
86,5,14,7
86,5,15,5
86,5,16,2
86,5,17,1
86,5,18,0
86,5,19,0
86,5,20,0
86,5,21,0
86,5,22,1
86,5,23,0
86,5,24,1
86,5,25,1
86,5,26,2
86,5,27,2
86,5,28,2
86,5,29,2
86,5,30,2
86,5,31,4
86,5,32,7
86,5,33,10
86,5,34,12
86,5,35,13
86,5,36,13
86,5,37,13
86,5,38,6
86,5,39,3
86,5,40,3
86,5,41,2
86,5,42,1
86,5,43,0
86,5,44,0
86,5,45,0
86,5,46,0
86,5,47,0
86,5,48,0
86,5,49,1
86,5,50,1
86,5,51,0
86,5,52,0
86,5,53,0
86,5,54,0
86,5,55,0
86,5,56,0
86,5,57,0
86,5,58,1
86,5,59,0
86,5,60,0
86,5,61,0
86,5,62,0
86,5,63,0
86,5,64,0
86,5,65,0
86,5,66,0
86,5,67,1
86,5,68,0
86,5,69,0
86,5,70,0
86,5,71,0
86,5,72,0
86,5,73,0
86,5,74,0
86,5,75,0
86,5,76,1
86,5,77,0
86,5,78,0
86,5,79,0
86,5,80,0
86,5,81,0
86,5,82,0
86,5,83,0
86,5,84,0
86,5,85,1
86,5,86,0
86,5,87,0
86,5,88,0
86,5,89,0
86,5,90,0
86,5,91,0
86,5,92,0
86,5,93,0
86,5,94,1
86,5,95,0
86,5,96,0
86,5,97,0
86,5,98,0
86,5,99,0
86,5,100,0
86,5,101,0
86,5,102,0
86,5,103,1
86,5,104,0
86,5,105,0
86,5,106,0
86,5,107,0
86,5,108,0
86,5,109,0
86,5,110,0
86,5,111,0
86,5,112,1
86,5,113,0
86,5,114,0
86,5,115,0
86,5,116,0
86,5,117,0
86,5,118,0
86,5,119,0
86,5,120,0
86,5,121,1
86,5,122,0
86,5,123,0
86,5,124,0
86,5,125,0
86,5,126,0
86,5,127,0
86,5,128,0
86,5,129,0
86,5,130,1
86,5,131,0
86,5,132,0
86,5,133,0
86,5,134,0
86,5,135,0
86,5,136,0
86,5,137,0
86,5,138,0
86,5,139,1
86,5,140,0
86,5,141,0
86,5,142,0
86,5,143,0
86,5,144,0
86,5,145,0
86,5,146,0
86,5,147,0
86,5,148,1
86,5,149,0
86,5,150,0
86,5,151,0
86,5,152,0
86,5,153,0
86,5,154,0
86,5,155,0
86,5,156,0
86,5,157,1
86,5,158,0
86,5,159,0
86,5,160,0
86,5,161,0
86,5,162,0
86,5,163,0
86,5,164,0
86,5,165,0
86,5,166,1
86,5,167,0
86,5,168,0
86,5,169,0
86,5,170,0
86,5,171,0
86,5,172,0
86,5,173,0
86,5,174,0
86,5,175,1
86,5,176,0
86,5,177,0
86,5,178,0
86,5,179,0
86,5,180,0
86,5,181,0
86,5,182,0
86,5,183,0
86,5,184,1
86,5,185,0
86,5,186,0
86,5,187,0
86,5,188,0
86,5,189,0
86,5,190,0
86,5,191,0
86,5,192,0
86,5,193,1
86,5,194,0
86,5,195,0
86,5,196,2
86,5,197,2
86,5,198,2
86,5,199,1
86,5,200,0
86,5,201,0
86,5,202,1
86,5,203,0
86,5,204,0
86,5,205,0
86,5,206,0
86,5,207,0
86,5,208,0
86,5,209,0
86,5,210,0
86,5,211,1
86,5,212,0
86,5,213,0
86,5,214,0
86,5,215,0
86,5,216,0
86,5,217,0
86,5,218,10
86,5,219,17
86,5,220,24
86,5,221,30
86,5,222,34
86,5,223,35
86,5,224,36
86,5,225,26
86,5,226,16
86,5,227,8
86,5,228,4
86,5,229,3
86,5,230,1
86,5,231,1
86,5,232,0
86,5,233,0
86,5,234,0
86,5,235,0
86,5,236,0
86,5,237,0
86,5,238,1
86,5,239,0
86,5,240,0
86,5,241,0
86,5,242,0
86,5,243,0
86,5,244,0
86,5,245,0
86,5,246,0
86,5,247,1
86,5,248,0
86,5,249,0
86,5,250,0
86,5,251,0
86,5,252,0
86,5,253,0
86,5,254,0
86,5,255,0
86,5,256,1
86,5,257,0
86,5,258,0
86,5,259,0
86,5,260,0
86,5,261,0
86,5,262,0
86,5,263,0
86,5,264,0
86,5,265,1
86,5,266,0
86,5,267,0
86,5,268,0
86,5,269,0
86,5,270,0
86,5,271,0
86,5,272,0
86,5,273,0
86,5,274,1
86,5,275,0
86,5,276,0
86,5,277,0
86,5,278,0
86,5,279,0
86,5,280,0
86,5,281,0
86,5,282,0
86,5,283,1
86,5,284,0
86,5,285,0
86,5,286,0
86,5,287,0
86,5,288,0
86,5,289,0
86,5,290,0
86,5,291,0
86,5,292,1
86,5,293,0
86,5,294,0
86,5,295,0
86,5,296,0
86,5,297,0
86,5,298,0
86,5,299,0
86,5,300,0
86,5,301,1
86,5,302,0
86,5,303,0
86,5,304,0
86,5,305,0
86,5,306,0
86,5,307,0
86,5,308,0
86,5,309,0
86,5,310,1
86,5,311,2
86,5,312,1
86,5,313,0
86,5,314,0
86,5,315,0
86,5,316,0
86,5,317,0
86,5,318,0
86,5,319,1
86,5,320,0
86,5,321,0
86,5,322,0
86,5,323,0
86,5,324,0
86,5,325,0
86,5,326,0
86,5,327,0
86,5,328,1
86,5,329,0
86,5,330,0
86,5,331,0
86,5,332,0
86,5,333,0
86,5,334,0
86,5,335,0
86,5,336,0
86,5,337,1
86,5,338,0
86,5,339,0
86,5,340,0
86,5,341,0
86,5,342,0
86,5,343,0
86,5,344,0
86,5,345,0
86,5,346,1
86,5,347,0
86,5,348,1
86,5,349,2
86,5,350,4
86,5,351,9
86,5,352,14
86,5,353,17
86,5,354,18
86,5,355,21
86,5,356,23
86,5,357,24
86,5,358,26
86,5,359,27
86,5,360,27
86,5,361,27
86,5,362,27
86,5,363,29
86,5,364,31
86,5,365,33
86,5,366,35
86,5,367,37
86,5,368,38
86,5,369,38
86,5,370,38
86,5,371,38
86,5,372,40
86,5,373,32
86,5,374,23
86,5,375,13
86,5,376,6
86,5,377,3
86,5,378,1
86,5,379,0
86,5,380,0
86,5,381,0
86,5,382,1
86,5,383,1
86,5,384,0
86,5,385,0
86,5,386,0
86,5,387,0
86,5,388,0
86,5,389,0
86,5,390,0
86,5,391,6
86,5,392,6
86,5,393,6
86,5,394,7
86,5,395,7
86,5,396,3
86,5,397,1
86,5,398,0
86,5,399,0
86,5,400,1
86,5,401,0
86,5,402,0
86,5,403,0
86,5,404,0
86,5,405,0
86,5,406,0
86,5,407,0
86,5,408,0
86,5,409,1
86,5,410,0
86,5,411,0
86,5,412,0
86,5,413,0
86,5,414,0
86,5,415,0
86,5,416,0
86,5,417,0
86,5,418,1
86,5,419,0
86,5,420,0
86,5,421,0
86,5,422,0
86,5,423,0
86,5,424,0
86,5,425,0
86,5,426,0
86,5,427,1
86,5,428,2
86,5,429,1
86,5,430,3
86,5,431,2
86,5,432,1
86,5,433,1
86,5,434,1
86,5,435,1
86,5,436,2
86,5,437,4
86,5,438,3
86,5,439,2
86,5,440,1
86,5,441,0
86,5,442,0
86,5,443,1
86,5,444,1
86,5,445,3
86,5,446,3
86,5,447,2
86,5,448,2
86,5,449,1
86,5,450,0
86,5,451,0
86,5,452,0
86,5,453,0
86,5,454,1
86,5,455,0
86,5,456,0
86,5,457,0
86,5,458,0
86,5,459,0
86,5,460,0
86,5,461,0
86,5,462,0
86,5,463,1
86,5,464,0
86,5,465,0
86,5,466,2
86,5,467,1
86,5,468,1
86,5,469,0
86,5,470,0
86,5,471,0
86,5,472,1
86,5,473,0
86,5,474,0
86,5,475,0
86,5,476,0
86,5,477,0
86,5,478,0
86,5,479,0
86,5,480,0
86,5,481,1
86,5,482,0
86,5,483,0
86,5,484,0
86,5,485,0
86,5,486,0
86,5,487,0
86,5,488,0
86,5,489,0
86,5,490,1
86,5,491,0
86,5,492,0
86,5,493,0
86,5,494,0
86,5,495,0
86,5,496,0
86,5,497,0
86,5,498,0
86,5,499,1
86,6,0,0
86,6,1,0
86,6,2,0
86,6,3,0
86,6,4,1
86,6,5,0
86,6,6,0
86,6,7,0
86,6,8,0
86,6,9,0
86,6,10,0
86,6,11,0
86,6,12,0
86,6,13,1
86,6,14,0
86,6,15,1
86,6,16,0
86,6,17,0
86,6,18,0
86,6,19,0
86,6,20,0
86,6,21,0
86,6,22,1
86,6,23,0
86,6,24,0
86,6,25,0
86,6,26,0
86,6,27,0
86,6,28,0
86,6,29,0
86,6,30,0
86,6,31,1
86,6,32,1
86,6,33,1
86,6,34,0
86,6,35,0
86,6,36,0
86,6,37,0
86,6,38,0
86,6,39,0
86,6,40,1
86,6,41,0
86,6,42,0
86,6,43,0
86,6,44,0
86,6,45,0
86,6,46,0
86,6,47,0
86,6,48,0
86,6,49,1
86,6,50,0
86,6,51,0
86,6,52,0
86,6,53,0
86,6,54,0
86,6,55,0
86,6,56,0
86,6,57,0
86,6,58,1
86,6,59,0
86,6,60,0
86,6,61,0
86,6,62,0
86,6,63,0
86,6,64,0
86,6,65,0
86,6,66,0
86,6,67,1
86,6,68,0
86,6,69,0
86,6,70,0
86,6,71,0
86,6,72,0
86,6,73,0
86,6,74,0
86,6,75,0
86,6,76,2
86,6,77,2
86,6,78,1
86,6,79,0
86,6,80,0
86,6,81,0
86,6,82,0
86,6,83,0
86,6,84,0
86,6,85,1
86,6,86,1
86,6,87,0
86,6,88,0
86,6,89,0
86,6,90,0
86,6,91,0
86,6,92,0
86,6,93,0
86,6,94,1
86,6,95,1
86,6,96,0
86,6,97,0
86,6,98,0
86,6,99,0
86,6,100,0
86,6,101,0
86,6,102,0
86,6,103,1
86,6,104,1
86,6,105,1
86,6,106,0
86,6,107,0
86,6,108,0
86,6,109,0
86,6,110,0
86,6,111,0
86,6,112,1
86,6,113,0
86,6,114,0
86,6,115,0
86,6,116,0
86,6,117,0
86,6,118,0
86,6,119,0
86,6,120,0
86,6,121,1
86,6,122,0
86,6,123,0
86,6,124,0
86,6,125,0
86,6,126,0
86,6,127,0
86,6,128,0
86,6,129,0
86,6,130,1
86,6,131,1
86,6,132,0
86,6,133,0
86,6,134,0
86,6,135,0
86,6,136,0
86,6,137,0
86,6,138,0
86,6,139,1
86,6,140,1
86,6,141,0
86,6,142,0
86,6,143,0
86,6,144,0
86,6,145,0
86,6,146,0
86,6,147,0
86,6,148,1
86,6,149,0
86,6,150,0
86,6,151,0
86,6,152,0
86,6,153,0
86,6,154,0
86,6,155,0
86,6,156,0
86,6,157,1
86,6,158,1
86,6,159,0
86,6,160,0
86,6,161,0
86,6,162,0
86,6,163,0
86,6,164,0
86,6,165,0
86,6,166,1
86,6,167,0
86,6,168,0
86,6,169,0
86,6,170,0
86,6,171,0
86,6,172,0
86,6,173,0
86,6,174,0
86,6,175,1
86,6,176,0
86,6,177,0
86,6,178,0
86,6,179,0
86,6,180,0
86,6,181,0
86,6,182,0
86,6,183,0
86,6,184,1
86,6,185,0
86,6,186,0
86,6,187,0
86,6,188,0
86,6,189,0
86,6,190,0
86,6,191,0
86,6,192,0
86,6,193,1
86,6,194,0
86,6,195,0
86,6,196,0
86,6,197,0
86,6,198,0
86,6,199,0
86,6,200,0
86,6,201,0
86,6,202,1
86,6,203,0
86,6,204,0
86,6,205,0
86,6,206,0
86,6,207,0
86,6,208,0
86,6,209,0
86,6,210,0
86,6,211,1
86,6,212,1
86,6,213,0
86,6,214,0
86,6,215,0
86,6,216,0
86,6,217,0
86,6,218,0
86,6,219,0
86,6,220,1
86,6,221,0
86,6,222,0
86,6,223,0
86,6,224,0
86,6,225,0
86,6,226,0
86,6,227,0
86,6,228,0
86,6,229,1
86,6,230,0
86,6,231,0
86,6,232,0
86,6,233,0
86,6,234,0
86,6,235,0
86,6,236,0
86,6,237,0
86,6,238,1
86,6,239,0
86,6,240,0
86,6,241,0
86,6,242,0
86,6,243,0
86,6,244,0
86,6,245,0
86,6,246,0
86,6,247,1
86,6,248,0
86,6,249,0
86,6,250,0
86,6,251,0
86,6,252,0
86,6,253,0
86,6,254,0
86,6,255,0
86,6,256,1
86,6,257,0
86,6,258,0
86,6,259,0
86,6,260,0
86,6,261,0
86,6,262,0
86,6,263,0
86,6,264,0
86,6,265,1
86,6,266,0
86,6,267,0
86,6,268,0
86,6,269,0
86,6,270,0
86,6,271,0
86,6,272,0
86,6,273,0
86,6,274,1
86,6,275,0
86,6,276,0
86,6,277,0
86,6,278,0
86,6,279,0
86,6,280,0
86,6,281,0
86,6,282,0
86,6,283,1
86,6,284,0
86,6,285,0
86,6,286,0
86,6,287,0
86,6,288,0
86,6,289,0
86,6,290,0
86,6,291,0
86,6,292,1
86,6,293,2
86,6,294,3
86,6,295,1
86,6,296,0
86,6,297,0
86,6,298,0
86,6,299,0
86,6,300,0
86,6,301,1
86,6,302,0
86,6,303,0
86,6,304,0
86,6,305,0
86,6,306,0
86,6,307,0
86,6,308,0
86,6,309,0
86,6,310,1
86,6,311,0
86,6,312,0
86,6,313,0
86,6,314,0
86,6,315,0
86,6,316,0
86,6,317,0
86,6,318,0
86,6,319,1
86,6,320,0
86,6,321,0
86,6,322,0
86,6,323,0
86,6,324,0
86,6,325,0
86,6,326,0
86,6,327,0
86,6,328,1
86,6,329,0
86,6,330,0
86,6,331,0
86,6,332,0
86,6,333,0
86,6,334,0
86,6,335,0
86,6,336,0
86,6,337,1
86,6,338,0
86,6,339,0
86,6,340,0
86,6,341,0
86,6,342,0
86,6,343,0
86,6,344,0
86,6,345,0
86,6,346,1
86,6,347,0
86,6,348,0
86,6,349,0
86,6,350,0
86,6,351,0
86,6,352,0
86,6,353,0
86,6,354,0
86,6,355,1
86,6,356,0
86,6,357,0
86,6,358,0
86,6,359,0
86,6,360,0
86,6,361,0
86,6,362,0
86,6,363,0
86,6,364,1
86,6,365,0
86,6,366,0
86,6,367,0
86,6,368,0
86,6,369,0
86,6,370,0
86,6,371,0
86,6,372,0
86,6,373,1
86,6,374,0
86,6,375,0
86,6,376,0
86,6,377,0
86,6,378,0
86,6,379,0
86,6,380,0
86,6,381,0
86,6,382,1
86,6,383,0
86,6,384,0
86,6,385,0
86,6,386,0
86,6,387,0
86,6,388,0
86,6,389,0
86,6,390,0
86,6,391,1
86,6,392,0
86,6,393,0
86,6,394,0
86,6,395,0
86,6,396,0
86,6,397,0
86,6,398,0
86,6,399,0
86,6,400,1
86,6,401,0
86,6,402,0
86,6,403,0
86,6,404,0
86,6,405,0
86,6,406,0
86,6,407,0
86,6,408,0
86,6,409,1
86,6,410,0
86,6,411,0
86,6,412,0
86,6,413,0
86,6,414,0
86,6,415,0
86,6,416,0
86,6,417,0
86,6,418,1
86,6,419,0
86,6,420,0
86,6,421,0
86,6,422,0
86,6,423,0
86,6,424,0
86,6,425,0
86,6,426,0
86,6,427,1
86,6,428,0
86,6,429,0
86,6,430,0
86,6,431,0
86,6,432,0
86,6,433,0
86,6,434,0
86,6,435,0
86,6,436,1
86,6,437,0
86,6,438,0
86,6,439,0
86,6,440,0
86,6,441,0
86,6,442,0
86,6,443,0
86,6,444,0
86,6,445,1
86,6,446,0
86,6,447,0
86,6,448,0
86,6,449,0
86,6,450,0
86,6,451,0
86,6,452,0
86,6,453,0
86,6,454,1
86,6,455,0
86,6,456,0
86,6,457,0
86,6,458,0
86,6,459,0
86,6,460,0
86,6,461,0
86,6,462,0
86,6,463,1
86,6,464,0
86,6,465,0
86,6,466,0
86,6,467,0
86,6,468,0
86,6,469,0
86,6,470,0
86,6,471,0
86,6,472,1
86,6,473,0
86,6,474,0
86,6,475,0
86,6,476,0
86,6,477,0
86,6,478,0
86,6,479,0
86,6,480,0
86,6,481,1
86,6,482,0
86,6,483,0
86,6,484,0
86,6,485,0
86,6,486,0
86,6,487,0
86,6,488,0
86,6,489,0
86,6,490,1
86,6,491,0
86,6,492,0
86,6,493,0
86,6,494,0
86,6,495,0
86,6,496,0
86,6,497,0
86,6,498,0
86,6,499,1
86,7,0,0
86,7,1,0
86,7,2,0
86,7,3,0
86,7,4,1
86,7,5,0
86,7,6,0
86,7,7,0
86,7,8,0
86,7,9,0
86,7,10,0
86,7,11,0
86,7,12,0
86,7,13,1
86,7,14,4
86,7,15,5
86,7,16,7
86,7,17,8
86,7,18,8
86,7,19,9
86,7,20,9
86,7,21,9
86,7,22,6
86,7,23,3
86,7,24,2
86,7,25,1
86,7,26,1
86,7,27,0
86,7,28,0
86,7,29,0
86,7,30,0
86,7,31,1
86,7,32,0
86,7,33,0
86,7,34,0
86,7,35,0
86,7,36,0
86,7,37,3
86,7,38,1
86,7,39,0
86,7,40,1
86,7,41,0
86,7,42,0
86,7,43,0
86,7,44,0
86,7,45,0
86,7,46,0
86,7,47,0
86,7,48,0
86,7,49,1
86,7,50,0
86,7,51,0
86,7,52,0
86,7,53,0
86,7,54,0
86,7,55,0
86,7,56,0
86,7,57,0
86,7,58,1
86,7,59,0
86,7,60,0
86,7,61,0
86,7,62,0
86,7,63,0
86,7,64,0
86,7,65,0
86,7,66,0
86,7,67,1
86,7,68,0
86,7,69,0
86,7,70,0
86,7,71,0
86,7,72,0
86,7,73,0
86,7,74,0
86,7,75,0
86,7,76,1
86,7,77,1
86,7,78,0
86,7,79,0
86,7,80,0
86,7,81,0
86,7,82,0
86,7,83,0
86,7,84,0
86,7,85,1
86,7,86,0
86,7,87,0
86,7,88,0
86,7,89,0
86,7,90,0
86,7,91,0
86,7,92,0
86,7,93,0
86,7,94,1
86,7,95,0
86,7,96,0
86,7,97,0
86,7,98,0
86,7,99,0
86,7,100,0
86,7,101,0
86,7,102,0
86,7,103,1
86,7,104,0
86,7,105,0
86,7,106,0
86,7,107,0
86,7,108,0
86,7,109,0
86,7,110,0
86,7,111,0
86,7,112,1
86,7,113,0
86,7,114,0
86,7,115,0
86,7,116,0
86,7,117,0
86,7,118,0
86,7,119,0
86,7,120,0
86,7,121,1
86,7,122,0
86,7,123,0
86,7,124,0
86,7,125,0
86,7,126,0
86,7,127,0
86,7,128,0
86,7,129,0
86,7,130,1
86,7,131,1
86,7,132,0
86,7,133,0
86,7,134,0
86,7,135,0
86,7,136,0
86,7,137,0
86,7,138,0
86,7,139,1
86,7,140,1
86,7,141,0
86,7,142,0
86,7,143,0
86,7,144,0
86,7,145,0
86,7,146,0
86,7,147,0
86,7,148,1
86,7,149,0
86,7,150,0
86,7,151,0
86,7,152,0
86,7,153,0
86,7,154,0
86,7,155,0
86,7,156,0
86,7,157,1
86,7,158,1
86,7,159,0
86,7,160,0
86,7,161,0
86,7,162,0
86,7,163,0
86,7,164,0
86,7,165,0
86,7,166,1
86,7,167,1
86,7,168,1
86,7,169,2
86,7,170,4
86,7,171,4
86,7,172,2
86,7,173,1
86,7,174,0
86,7,175,1
86,7,176,0
86,7,177,0
86,7,178,0
86,7,179,0
86,7,180,0
86,7,181,0
86,7,182,0
86,7,183,0
86,7,184,1
86,7,185,0
86,7,186,0
86,7,187,0
86,7,188,0
86,7,189,0
86,7,190,0
86,7,191,0
86,7,192,0
86,7,193,1
86,7,194,1
86,7,195,0
86,7,196,0
86,7,197,0
86,7,198,0
86,7,199,0
86,7,200,0
86,7,201,0
86,7,202,1
86,7,203,0
86,7,204,0
86,7,205,0
86,7,206,0
86,7,207,0
86,7,208,0
86,7,209,0
86,7,210,0
86,7,211,1
86,7,212,0
86,7,213,0
86,7,214,0
86,7,215,0
86,7,216,0
86,7,217,0
86,7,218,0
86,7,219,0
86,7,220,1
86,7,221,0
86,7,222,1
86,7,223,0
86,7,224,1
86,7,225,0
86,7,226,0
86,7,227,0
86,7,228,0
86,7,229,1
86,7,230,0
86,7,231,0
86,7,232,0
86,7,233,0
86,7,234,0
86,7,235,0
86,7,236,0
86,7,237,0
86,7,238,1
86,7,239,2
86,7,240,1
86,7,241,0
86,7,242,0
86,7,243,0
86,7,244,0
86,7,245,0
86,7,246,0
86,7,247,1
86,7,248,0
86,7,249,0
86,7,250,0
86,7,251,0
86,7,252,0
86,7,253,0
86,7,254,0
86,7,255,0
86,7,256,1
86,7,257,0
86,7,258,0
86,7,259,0
86,7,260,0
86,7,261,0
86,7,262,0
86,7,263,0
86,7,264,0
86,7,265,1
86,7,266,0
86,7,267,0
86,7,268,0
86,7,269,0
86,7,270,0
86,7,271,0
86,7,272,0
86,7,273,0
86,7,274,1
86,7,275,0
86,7,276,0
86,7,277,0
86,7,278,0
86,7,279,0
86,7,280,0
86,7,281,0
86,7,282,0
86,7,283,1
86,7,284,0
86,7,285,0
86,7,286,0
86,7,287,0
86,7,288,0
86,7,289,0
86,7,290,0
86,7,291,0
86,7,292,1
86,7,293,0
86,7,294,0
86,7,295,0
86,7,296,0
86,7,297,0
86,7,298,0
86,7,299,0
86,7,300,0
86,7,301,1
86,7,302,0
86,7,303,0
86,7,304,0
86,7,305,0
86,7,306,0
86,7,307,0
86,7,308,0
86,7,309,0
86,7,310,1
86,7,311,0
86,7,312,0
86,7,313,0
86,7,314,0
86,7,315,0
86,7,316,0
86,7,317,0
86,7,318,0
86,7,319,1
86,7,320,0
86,7,321,0
86,7,322,0
86,7,323,0
86,7,324,0
86,7,325,0
86,7,326,0
86,7,327,0
86,7,328,3
86,7,329,1
86,7,330,0
86,7,331,0
86,7,332,0
86,7,333,0
86,7,334,0
86,7,335,0
86,7,336,0
86,7,337,1
86,7,338,0
86,7,339,0
86,7,340,0
86,7,341,0
86,7,342,0
86,7,343,0
86,7,344,0
86,7,345,0
86,7,346,1
86,7,347,0
86,7,348,0
86,7,349,0
86,7,350,0
86,7,351,0
86,7,352,0
86,7,353,0
86,7,354,0
86,7,355,1
86,7,356,0
86,7,357,0
86,7,358,0
86,7,359,0
86,7,360,0
86,7,361,0
86,7,362,0
86,7,363,0
86,7,364,1
86,7,365,0
86,7,366,0
86,7,367,0
86,7,368,0
86,7,369,0
86,7,370,0
86,7,371,0
86,7,372,0
86,7,373,1
86,7,374,0
86,7,375,0
86,7,376,0
86,7,377,0
86,7,378,0
86,7,379,0
86,7,380,0
86,7,381,0
86,7,382,1
86,7,383,0
86,7,384,0
86,7,385,0
86,7,386,0
86,7,387,0
86,7,388,0
86,7,389,0
86,7,390,0
86,7,391,1
86,7,392,0
86,7,393,0
86,7,394,0
86,7,395,0
86,7,396,0
86,7,397,0
86,7,398,0
86,7,399,0
86,7,400,1
86,7,401,0
86,7,402,0
86,7,403,0
86,7,404,0
86,7,405,0
86,7,406,0
86,7,407,0
86,7,408,0
86,7,409,1
86,7,410,0
86,7,411,0
86,7,412,0
86,7,413,0
86,7,414,0
86,7,415,0
86,7,416,0
86,7,417,0
86,7,418,1
86,7,419,0
86,7,420,0
86,7,421,0
86,7,422,0
86,7,423,0
86,7,424,0
86,7,425,0
86,7,426,0
86,7,427,1
86,7,428,0
86,7,429,0
86,7,430,0
86,7,431,0
86,7,432,0
86,7,433,0
86,7,434,0
86,7,435,0
86,7,436,1
86,7,437,0
86,7,438,0
86,7,439,0
86,7,440,0
86,7,441,0
86,7,442,0
86,7,443,0
86,7,444,0
86,7,445,1
86,7,446,0
86,7,447,0
86,7,448,0
86,7,449,0
86,7,450,0
86,7,451,0
86,7,452,0
86,7,453,0
86,7,454,1
86,7,455,0
86,7,456,0
86,7,457,0
86,7,458,0
86,7,459,0
86,7,460,0
86,7,461,0
86,7,462,0
86,7,463,1
86,7,464,1
86,7,465,0
86,7,466,0
86,7,467,0
86,7,468,0
86,7,469,0
86,7,470,0
86,7,471,0
86,7,472,1
86,7,473,0
86,7,474,0
86,7,475,0
86,7,476,0
86,7,477,0
86,7,478,0
86,7,479,0
86,7,480,0
86,7,481,1
86,7,482,0
86,7,483,0
86,7,484,1
86,7,485,1
86,7,486,1
86,7,487,0
86,7,488,0
86,7,489,0
86,7,490,1
86,7,491,1
86,7,492,1
86,7,493,1
86,7,494,0
86,7,495,0
86,7,496,0
86,7,497,0
86,7,498,0
86,7,499,1
86,8,0,0
86,8,1,0
86,8,2,0
86,8,3,0
86,8,4,1
86,8,5,0
86,8,6,0
86,8,7,0
86,8,8,0
86,8,9,0
86,8,10,0
86,8,11,0
86,8,12,0
86,8,13,1
86,8,14,0
86,8,15,0
86,8,16,0
86,8,17,0
86,8,18,0
86,8,19,0
86,8,20,0
86,8,21,0
86,8,22,1
86,8,23,0
86,8,24,0
86,8,25,0
86,8,26,0
86,8,27,0
86,8,28,0
86,8,29,0
86,8,30,0
86,8,31,1
86,8,32,0
86,8,33,0
86,8,34,0
86,8,35,0
86,8,36,0
86,8,37,0
86,8,38,0
86,8,39,0
86,8,40,2
86,8,41,2
86,8,42,1
86,8,43,0
86,8,44,3
86,8,45,1
86,8,46,0
86,8,47,0
86,8,48,0
86,8,49,1
86,8,50,0
86,8,51,0
86,8,52,0
86,8,53,0
86,8,54,0
86,8,55,0
86,8,56,0
86,8,57,0
86,8,58,1
86,8,59,0
86,8,60,0
86,8,61,0
86,8,62,0
86,8,63,0
86,8,64,0
86,8,65,0
86,8,66,0
86,8,67,1
86,8,68,0
86,8,69,0
86,8,70,0
86,8,71,0
86,8,72,0
86,8,73,0
86,8,74,0
86,8,75,0
86,8,76,1
86,8,77,1
86,8,78,0
86,8,79,0
86,8,80,0
86,8,81,0
86,8,82,0
86,8,83,0
86,8,84,0
86,8,85,1
86,8,86,0
86,8,87,0
86,8,88,0
86,8,89,0
86,8,90,0
86,8,91,0
86,8,92,0
86,8,93,0
86,8,94,1
86,8,95,1
86,8,96,1
86,8,97,0
86,8,98,0
86,8,99,0
86,8,100,0
86,8,101,0
86,8,102,0
86,8,103,1
86,8,104,0
86,8,105,0
86,8,106,0
86,8,107,0
86,8,108,0
86,8,109,0
86,8,110,0
86,8,111,0
86,8,112,1
86,8,113,0
86,8,114,1
86,8,115,0
86,8,116,0
86,8,117,0
86,8,118,0
86,8,119,0
86,8,120,0
86,8,121,1
86,8,122,0
86,8,123,0
86,8,124,0
86,8,125,0
86,8,126,0
86,8,127,0
86,8,128,0
86,8,129,0
86,8,130,1
86,8,131,0
86,8,132,0
86,8,133,0
86,8,134,0
86,8,135,0
86,8,136,0
86,8,137,0
86,8,138,0
86,8,139,1
86,8,140,0
86,8,141,0
86,8,142,0
86,8,143,0
86,8,144,0
86,8,145,0
86,8,146,0
86,8,147,0
86,8,148,1
86,8,149,0
86,8,150,0
86,8,151,0
86,8,152,0
86,8,153,0
86,8,154,0
86,8,155,0
86,8,156,0
86,8,157,1
86,8,158,0
86,8,159,0
86,8,160,0
86,8,161,0
86,8,162,0
86,8,163,0
86,8,164,0
86,8,165,0
86,8,166,1
86,8,167,0
86,8,168,0
86,8,169,0
86,8,170,0
86,8,171,0
86,8,172,0
86,8,173,0
86,8,174,0
86,8,175,1
86,8,176,0
86,8,177,0
86,8,178,0
86,8,179,0
86,8,180,0
86,8,181,0
86,8,182,0
86,8,183,0
86,8,184,1
86,8,185,0
86,8,186,0
86,8,187,0
86,8,188,0
86,8,189,0
86,8,190,0
86,8,191,0
86,8,192,0
86,8,193,1
86,8,194,0
86,8,195,0
86,8,196,0
86,8,197,0
86,8,198,0
86,8,199,0
86,8,200,0
86,8,201,0
86,8,202,1
86,8,203,0
86,8,204,0
86,8,205,0
86,8,206,0
86,8,207,0
86,8,208,0
86,8,209,0
86,8,210,0
86,8,211,1
86,8,212,0
86,8,213,0
86,8,214,0
86,8,215,0
86,8,216,0
86,8,217,0
86,8,218,0
86,8,219,0
86,8,220,1
86,8,221,0
86,8,222,3
86,8,223,1
86,8,224,0
86,8,225,0
86,8,226,0
86,8,227,0
86,8,228,0
86,8,229,1
86,8,230,1
86,8,231,1
86,8,232,0
86,8,233,0
86,8,234,0
86,8,235,0
86,8,236,0
86,8,237,0
86,8,238,1
86,8,239,1
86,8,240,1
86,8,241,0
86,8,242,0
86,8,243,0
86,8,244,0
86,8,245,0
86,8,246,0
86,8,247,1
86,8,248,0
86,8,249,0
86,8,250,0
86,8,251,0
86,8,252,0
86,8,253,0
86,8,254,0
86,8,255,0
86,8,256,1
86,8,257,0
86,8,258,0
86,8,259,0
86,8,260,0
86,8,261,0
86,8,262,0
86,8,263,0
86,8,264,0
86,8,265,1
86,8,266,0
86,8,267,0
86,8,268,0
86,8,269,0
86,8,270,0
86,8,271,0
86,8,272,0
86,8,273,0
86,8,274,1
86,8,275,0
86,8,276,0
86,8,277,0
86,8,278,0
86,8,279,0
86,8,280,0
86,8,281,0
86,8,282,0
86,8,283,1
86,8,284,0
86,8,285,0
86,8,286,0
86,8,287,0
86,8,288,0
86,8,289,0
86,8,290,0
86,8,291,0
86,8,292,1
86,8,293,0
86,8,294,0
86,8,295,0
86,8,296,0
86,8,297,0
86,8,298,0
86,8,299,0
86,8,300,0
86,8,301,1
86,8,302,0
86,8,303,0
86,8,304,0
86,8,305,0
86,8,306,0
86,8,307,0
86,8,308,0
86,8,309,0
86,8,310,1
86,8,311,0
86,8,312,0
86,8,313,0
86,8,314,0
86,8,315,0
86,8,316,0
86,8,317,0
86,8,318,0
86,8,319,1
86,8,320,0
86,8,321,0
86,8,322,0
86,8,323,0
86,8,324,0
86,8,325,0
86,8,326,0
86,8,327,0
86,8,328,1
86,8,329,0
86,8,330,0
86,8,331,0
86,8,332,0
86,8,333,0
86,8,334,0
86,8,335,0
86,8,336,0
86,8,337,1
86,8,338,0
86,8,339,0
86,8,340,0
86,8,341,0
86,8,342,0
86,8,343,0
86,8,344,0
86,8,345,0
86,8,346,1
86,8,347,0
86,8,348,0
86,8,349,0
86,8,350,0
86,8,351,0
86,8,352,0
86,8,353,0
86,8,354,0
86,8,355,1
86,8,356,0
86,8,357,0
86,8,358,0
86,8,359,0
86,8,360,0
86,8,361,0
86,8,362,0
86,8,363,0
86,8,364,1
86,8,365,0
86,8,366,0
86,8,367,0
86,8,368,0
86,8,369,0
86,8,370,0
86,8,371,0
86,8,372,0
86,8,373,1
86,8,374,0
86,8,375,0
86,8,376,0
86,8,377,0
86,8,378,0
86,8,379,0
86,8,380,0
86,8,381,0
86,8,382,2
86,8,383,1
86,8,384,0
86,8,385,0
86,8,386,0
86,8,387,0
86,8,388,0
86,8,389,0
86,8,390,0
86,8,391,2
86,8,392,1
86,8,393,1
86,8,394,1
86,8,395,0
86,8,396,0
86,8,397,0
86,8,398,0
86,8,399,0
86,8,400,2
86,8,401,1
86,8,402,0
86,8,403,0
86,8,404,0
86,8,405,0
86,8,406,0
86,8,407,0
86,8,408,0
86,8,409,2
86,8,410,1
86,8,411,0
86,8,412,0
86,8,413,0
86,8,414,0
86,8,415,0
86,8,416,0
86,8,417,0
86,8,418,1
86,8,419,0
86,8,420,0
86,8,421,0
86,8,422,0
86,8,423,0
86,8,424,0
86,8,425,0
86,8,426,0
86,8,427,1
86,8,428,0
86,8,429,0
86,8,430,0
86,8,431,0
86,8,432,0
86,8,433,0
86,8,434,0
86,8,435,0
86,8,436,1
86,8,437,1
86,8,438,0
86,8,439,0
86,8,440,0
86,8,441,0
86,8,442,0
86,8,443,0
86,8,444,0
86,8,445,1
86,8,446,0
86,8,447,0
86,8,448,0
86,8,449,0
86,8,450,0
86,8,451,0
86,8,452,0
86,8,453,1
86,8,454,1
86,8,455,0
86,8,456,0
86,8,457,0
86,8,458,0
86,8,459,0
86,8,460,0
86,8,461,0
86,8,462,0
86,8,463,1
86,8,464,0
86,8,465,0
86,8,466,0
86,8,467,0
86,8,468,0
86,8,469,0
86,8,470,0
86,8,471,0
86,8,472,1
86,8,473,0
86,8,474,0
86,8,475,0
86,8,476,0
86,8,477,0
86,8,478,0
86,8,479,0
86,8,480,0
86,8,481,1
86,8,482,0
86,8,483,0
86,8,484,0
86,8,485,0
86,8,486,0
86,8,487,0
86,8,488,0
86,8,489,1
86,8,490,1
86,8,491,0
86,8,492,0
86,8,493,0
86,8,494,0
86,8,495,0
86,8,496,0
86,8,497,0
86,8,498,1
86,8,499,1
86,9,0,0
86,9,1,0
86,9,2,0
86,9,3,0
86,9,4,1
86,9,5,0
86,9,6,0
86,9,7,0
86,9,8,0
86,9,9,0
86,9,10,0
86,9,11,0
86,9,12,0
86,9,13,1
86,9,14,0
86,9,15,0
86,9,16,0
86,9,17,0
86,9,18,0
86,9,19,0
86,9,20,0
86,9,21,0
86,9,22,1
86,9,23,0
86,9,24,0
86,9,25,0
86,9,26,0
86,9,27,0
86,9,28,0
86,9,29,0
86,9,30,0
86,9,31,1
86,9,32,0
86,9,33,0
86,9,34,0
86,9,35,0
86,9,36,0
86,9,37,0
86,9,38,1
86,9,39,0
86,9,40,1
86,9,41,0
86,9,42,0
86,9,43,0
86,9,44,0
86,9,45,0
86,9,46,0
86,9,47,0
86,9,48,0
86,9,49,1
86,9,50,0
86,9,51,0
86,9,52,0
86,9,53,0
86,9,54,0
86,9,55,0
86,9,56,0
86,9,57,0
86,9,58,1
86,9,59,0
86,9,60,0
86,9,61,0
86,9,62,0
86,9,63,0
86,9,64,0
86,9,65,0
86,9,66,0
86,9,67,1
86,9,68,0
86,9,69,0
86,9,70,0
86,9,71,0
86,9,72,0
86,9,73,0
86,9,74,0
86,9,75,0
86,9,76,1
86,9,77,0
86,9,78,0
86,9,79,0
86,9,80,0
86,9,81,0
86,9,82,0
86,9,83,0
86,9,84,0
86,9,85,1
86,9,86,0
86,9,87,0
86,9,88,0
86,9,89,0
86,9,90,0
86,9,91,0
86,9,92,0
86,9,93,1
86,9,94,4
86,9,95,6
86,9,96,4
86,9,97,2
86,9,98,1
86,9,99,0
86,9,100,0
86,9,101,0
86,9,102,0
86,9,103,1
86,9,104,0
86,9,105,0
86,9,106,0
86,9,107,0
86,9,108,0
86,9,109,0
86,9,110,0
86,9,111,0
86,9,112,1
86,9,113,0
86,9,114,0
86,9,115,0
86,9,116,0
86,9,117,0
86,9,118,0
86,9,119,0
86,9,120,0
86,9,121,1
86,9,122,0
86,9,123,0
86,9,124,0
86,9,125,0
86,9,126,0
86,9,127,0
86,9,128,0
86,9,129,0
86,9,130,1
86,9,131,0
86,9,132,0
86,9,133,0
86,9,134,0
86,9,135,0
86,9,136,0
86,9,137,0
86,9,138,0
86,9,139,1
86,9,140,0
86,9,141,0
86,9,142,0
86,9,143,0
86,9,144,0
86,9,145,0
86,9,146,0
86,9,147,0
86,9,148,1
86,9,149,0
86,9,150,0
86,9,151,0
86,9,152,0
86,9,153,0
86,9,154,0
86,9,155,0
86,9,156,0
86,9,157,1
86,9,158,0
86,9,159,0
86,9,160,0
86,9,161,0
86,9,162,0
86,9,163,0
86,9,164,0
86,9,165,0
86,9,166,1
86,9,167,0
86,9,168,0
86,9,169,0
86,9,170,0
86,9,171,0
86,9,172,0
86,9,173,0
86,9,174,0
86,9,175,1
86,9,176,0
86,9,177,0
86,9,178,0
86,9,179,0
86,9,180,0
86,9,181,0
86,9,182,0
86,9,183,0
86,9,184,1
86,9,185,0
86,9,186,0
86,9,187,0
86,9,188,0
86,9,189,0
86,9,190,0
86,9,191,0
86,9,192,0
86,9,193,1
86,9,194,0
86,9,195,0
86,9,196,0
86,9,197,0
86,9,198,0
86,9,199,0
86,9,200,0
86,9,201,0
86,9,202,1
86,9,203,0
86,9,204,1
86,9,205,1
86,9,206,1
86,9,207,0
86,9,208,0
86,9,209,0
86,9,210,0
86,9,211,1
86,9,212,0
86,9,213,0
86,9,214,0
86,9,215,0
86,9,216,0
86,9,217,0
86,9,218,0
86,9,219,0
86,9,220,1
86,9,221,0
86,9,222,0
86,9,223,0
86,9,224,0
86,9,225,0
86,9,226,0
86,9,227,0
86,9,228,0
86,9,229,1
86,9,230,0
86,9,231,0
86,9,232,0
86,9,233,0
86,9,234,0
86,9,235,0
86,9,236,0
86,9,237,0
86,9,238,1
86,9,239,0
86,9,240,0
86,9,241,0
86,9,242,0
86,9,243,0
86,9,244,0
86,9,245,0
86,9,246,0
86,9,247,1
86,9,248,0
86,9,249,0
86,9,250,0
86,9,251,0
86,9,252,0
86,9,253,0
86,9,254,0
86,9,255,0
86,9,256,1
86,9,257,0
86,9,258,0
86,9,259,0
86,9,260,0
86,9,261,0
86,9,262,0
86,9,263,0
86,9,264,0
86,9,265,1
86,9,266,0
86,9,267,0
86,9,268,0
86,9,269,0
86,9,270,0
86,9,271,0
86,9,272,0
86,9,273,0
86,9,274,1
86,9,275,0
86,9,276,0
86,9,277,0
86,9,278,0
86,9,279,0
86,9,280,0
86,9,281,0
86,9,282,0
86,9,283,1
86,9,284,0
86,9,285,0
86,9,286,0
86,9,287,0
86,9,288,0
86,9,289,0
86,9,290,0
86,9,291,0
86,9,292,1
86,9,293,0
86,9,294,0
86,9,295,0
86,9,296,0
86,9,297,0
86,9,298,0
86,9,299,0
86,9,300,0
86,9,301,1
86,9,302,0
86,9,303,0
86,9,304,0
86,9,305,0
86,9,306,0
86,9,307,0
86,9,308,0
86,9,309,0
86,9,310,1
86,9,311,0
86,9,312,0
86,9,313,0
86,9,314,0
86,9,315,0
86,9,316,0
86,9,317,0
86,9,318,0
86,9,319,1
86,9,320,0
86,9,321,0
86,9,322,0
86,9,323,0
86,9,324,0
86,9,325,0
86,9,326,0
86,9,327,0
86,9,328,1
86,9,329,0
86,9,330,0
86,9,331,0
86,9,332,0
86,9,333,0
86,9,334,0
86,9,335,0
86,9,336,0
86,9,337,1
86,9,338,0
86,9,339,0
86,9,340,0
86,9,341,0
86,9,342,0
86,9,343,0
86,9,344,0
86,9,345,0
86,9,346,1
86,9,347,0
86,9,348,0
86,9,349,0
86,9,350,0
86,9,351,0
86,9,352,0
86,9,353,0
86,9,354,0
86,9,355,1
86,9,356,0
86,9,357,0
86,9,358,0
86,9,359,0
86,9,360,0
86,9,361,0
86,9,362,0
86,9,363,0
86,9,364,1
86,9,365,0
86,9,366,1
86,9,367,3
86,9,368,4
86,9,369,5
86,9,370,5
86,9,371,5
86,9,372,5
86,9,373,6
86,9,374,6
86,9,375,7
86,9,376,8
86,9,377,9
86,9,378,9
86,9,379,10
86,9,380,10
86,9,381,10
86,9,382,11
86,9,383,11
86,9,384,12
86,9,385,14
86,9,386,15
86,9,387,15
86,9,388,16
86,9,389,8
86,9,390,4
86,9,391,3
86,9,392,1
86,9,393,1
86,9,394,0
86,9,395,0
86,9,396,0
86,9,397,0
86,9,398,0
86,9,399,0
86,9,400,2
86,9,401,1
86,9,402,0
86,9,403,0
86,9,404,0
86,9,405,0
86,9,406,0
86,9,407,0
86,9,408,1
86,9,409,1
86,9,410,0
86,9,411,0
86,9,412,0
86,9,413,0
86,9,414,0
86,9,415,0
86,9,416,0
86,9,417,0
86,9,418,1
86,9,419,2
86,9,420,3
86,9,421,4
86,9,422,8
86,9,423,15
86,9,424,24
86,9,425,32
86,9,426,39
86,9,427,37
86,9,428,37
86,9,429,32
86,9,430,22
86,9,431,12
86,9,432,6
86,9,433,3
86,9,434,1
86,9,435,0
86,9,436,1
86,9,437,2
86,9,438,3
86,9,439,4
86,9,440,6
86,9,441,6
86,9,442,7
86,9,443,7
86,9,444,7
86,9,445,4
86,9,446,2
86,9,447,1
86,9,448,0
86,9,449,0
86,9,450,0
86,9,451,0
86,9,452,0
86,9,453,0
86,9,454,1
86,9,455,0
86,9,456,3
86,9,457,6
86,9,458,5
86,9,459,3
86,9,460,2
86,9,461,1
86,9,462,0
86,9,463,1
86,9,464,0
86,9,465,0
86,9,466,0
86,9,467,0
86,9,468,0
86,9,469,0
86,9,470,0
86,9,471,0
86,9,472,1
86,9,473,1
86,9,474,1
86,9,475,2
86,9,476,3
86,9,477,3
86,9,478,2
86,9,479,1
86,9,480,0
86,9,481,1
86,9,482,0
86,9,483,0
86,9,484,0
86,9,485,0
86,9,486,0
86,9,487,0
86,9,488,0
86,9,489,0
86,9,490,1
86,9,491,0
86,9,492,0
86,9,493,0
86,9,494,0
86,9,495,0
86,9,496,0
86,9,497,0
86,9,498,0
86,9,499,1
86,10,0,0
86,10,1,0
86,10,2,0
86,10,3,0
86,10,4,1
86,10,5,0
86,10,6,0
86,10,7,0
86,10,8,0
86,10,9,0
86,10,10,0
86,10,11,0
86,10,12,0
86,10,13,1
86,10,14,0
86,10,15,0
86,10,16,0
86,10,17,0
86,10,18,0
86,10,19,0
86,10,20,0
86,10,21,0
86,10,22,1
86,10,23,1
86,10,24,0
86,10,25,0
86,10,26,0
86,10,27,0
86,10,28,0
86,10,29,0
86,10,30,0
86,10,31,1
86,10,32,0
86,10,33,0
86,10,34,0
86,10,35,0
86,10,36,0
86,10,37,0
86,10,38,0
86,10,39,0
86,10,40,1
86,10,41,0
86,10,42,0
86,10,43,0
86,10,44,0
86,10,45,0
86,10,46,0
86,10,47,0
86,10,48,0
86,10,49,1
86,10,50,0
86,10,51,0
86,10,52,0
86,10,53,0
86,10,54,0
86,10,55,0
86,10,56,0
86,10,57,0
86,10,58,1
86,10,59,0
86,10,60,0
86,10,61,0
86,10,62,0
86,10,63,0
86,10,64,0
86,10,65,0
86,10,66,0
86,10,67,1
86,10,68,0
86,10,69,0
86,10,70,0
86,10,71,0
86,10,72,0
86,10,73,0
86,10,74,0
86,10,75,0
86,10,76,1
86,10,77,0
86,10,78,0
86,10,79,0
86,10,80,0
86,10,81,0
86,10,82,0
86,10,83,0
86,10,84,0
86,10,85,1
86,10,86,0
86,10,87,0
86,10,88,0
86,10,89,0
86,10,90,0
86,10,91,0
86,10,92,0
86,10,93,0
86,10,94,1
86,10,95,0
86,10,96,0
86,10,97,0
86,10,98,0
86,10,99,0
86,10,100,0
86,10,101,0
86,10,102,0
86,10,103,1
86,10,104,0
86,10,105,0
86,10,106,0
86,10,107,0
86,10,108,0
86,10,109,0
86,10,110,0
86,10,111,0
86,10,112,1
86,10,113,0
86,10,114,0
86,10,115,0
86,10,116,0
86,10,117,0
86,10,118,0
86,10,119,0
86,10,120,0
86,10,121,1
86,10,122,0
86,10,123,0
86,10,124,0
86,10,125,0
86,10,126,0
86,10,127,0
86,10,128,0
86,10,129,0
86,10,130,1
86,10,131,0
86,10,132,0
86,10,133,0
86,10,134,0
86,10,135,0
86,10,136,0
86,10,137,0
86,10,138,0
86,10,139,1
86,10,140,1
86,10,141,0
86,10,142,0
86,10,143,0
86,10,144,0
86,10,145,0
86,10,146,0
86,10,147,0
86,10,148,1
86,10,149,1
86,10,150,0
86,10,151,0
86,10,152,0
86,10,153,0
86,10,154,0
86,10,155,0
86,10,156,0
86,10,157,2
86,10,158,1
86,10,159,1
86,10,160,1
86,10,161,0
86,10,162,0
86,10,163,0
86,10,164,0
86,10,165,0
86,10,166,1
86,10,167,1
86,10,168,0
86,10,169,0
86,10,170,0
86,10,171,0
86,10,172,0
86,10,173,0
86,10,174,0
86,10,175,1
86,10,176,2
86,10,177,1
86,10,178,1
86,10,179,0
86,10,180,0
86,10,181,0
86,10,182,0
86,10,183,0
86,10,184,1
86,10,185,0
86,10,186,0
86,10,187,0
86,10,188,0
86,10,189,0
86,10,190,0
86,10,191,0
86,10,192,0
86,10,193,1
86,10,194,0
86,10,195,0
86,10,196,0
86,10,197,0
86,10,198,0
86,10,199,19
86,10,200,9
86,10,201,4
86,10,202,3
86,10,203,2
86,10,204,2
86,10,205,1
86,10,206,1
86,10,207,0
86,10,208,0
86,10,209,0
86,10,210,0
86,10,211,1
86,10,212,0
86,10,213,0
86,10,214,0
86,10,215,0
86,10,216,0
86,10,217,0
86,10,218,0
86,10,219,0
86,10,220,1
86,10,221,0
86,10,222,0
86,10,223,0
86,10,224,0
86,10,225,0
86,10,226,0
86,10,227,0
86,10,228,0
86,10,229,1
86,10,230,0
86,10,231,0
86,10,232,0
86,10,233,0
86,10,234,0
86,10,235,0
86,10,236,0
86,10,237,0
86,10,238,1
86,10,239,0
86,10,240,0
86,10,241,0
86,10,242,0
86,10,243,0
86,10,244,0
86,10,245,0
86,10,246,0
86,10,247,1
86,10,248,0
86,10,249,0
86,10,250,0
86,10,251,0
86,10,252,0
86,10,253,0
86,10,254,0
86,10,255,0
86,10,256,1
86,10,257,0
86,10,258,0
86,10,259,0
86,10,260,0
86,10,261,0
86,10,262,0
86,10,263,0
86,10,264,0
86,10,265,1
86,10,266,1
86,10,267,0
86,10,268,0
86,10,269,0
86,10,270,0
86,10,271,0
86,10,272,0
86,10,273,0
86,10,274,1
86,10,275,0
86,10,276,0
86,10,277,0
86,10,278,0
86,10,279,0
86,10,280,0
86,10,281,0
86,10,282,0
86,10,283,1
86,10,284,1
86,10,285,1
86,10,286,2
86,10,287,1
86,10,288,6
86,10,289,3
86,10,290,1
86,10,291,0
86,10,292,1
86,10,293,0
86,10,294,0
86,10,295,0
86,10,296,0
86,10,297,0
86,10,298,0
86,10,299,0
86,10,300,0
86,10,301,1
86,10,302,0
86,10,303,0
86,10,304,0
86,10,305,0
86,10,306,0
86,10,307,0
86,10,308,0
86,10,309,0
86,10,310,2
86,10,311,2
86,10,312,1
86,10,313,0
86,10,314,0
86,10,315,0
86,10,316,0
86,10,317,0
86,10,318,0
86,10,319,1
86,10,320,0
86,10,321,0
86,10,322,0
86,10,323,0
86,10,324,0
86,10,325,0
86,10,326,0
86,10,327,0
86,10,328,1
86,10,329,0
86,10,330,0
86,10,331,0
86,10,332,0
86,10,333,0
86,10,334,0
86,10,335,0
86,10,336,0
86,10,337,2
86,10,338,1
86,10,339,0
86,10,340,0
86,10,341,0
86,10,342,0
86,10,343,0
86,10,344,0
86,10,345,0
86,10,346,1
86,10,347,2
86,10,348,1
86,10,349,1
86,10,350,0
86,10,351,0
86,10,352,0
86,10,353,0
86,10,354,0
86,10,355,2
86,10,356,2
86,10,357,1
86,10,358,1
86,10,359,0
86,10,360,0
86,10,361,0
86,10,362,0
86,10,363,0
86,10,364,2
86,10,365,2
86,10,366,2
86,10,367,1
86,10,368,0
86,10,369,0
86,10,370,0
86,10,371,0
86,10,372,0
86,10,373,2
86,10,374,3
86,10,375,2
86,10,376,2
86,10,377,1
86,10,378,0
86,10,379,0
86,10,380,0
86,10,381,0
86,10,382,1
86,10,383,0
86,10,384,0
86,10,385,1
86,10,386,0
86,10,387,0
86,10,388,0
86,10,389,0
86,10,390,0
86,10,391,1
86,10,392,5
86,10,393,3
86,10,394,7
86,10,395,3
86,10,396,1
86,10,397,0
86,10,398,0
86,10,399,1
86,10,400,2
86,10,401,6
86,10,402,4
86,10,403,3
86,10,404,1
86,10,405,0
86,10,406,0
86,10,407,0
86,10,408,0
86,10,409,1
86,10,410,0
86,10,411,0
86,10,412,0
86,10,413,0
86,10,414,0
86,10,415,0
86,10,416,0
86,10,417,0
86,10,418,1
86,10,419,0
86,10,420,0
86,10,421,0
86,10,422,0
86,10,423,0
86,10,424,0
86,10,425,0
86,10,426,0
86,10,427,1
86,10,428,0
86,10,429,0
86,10,430,0
86,10,431,0
86,10,432,0
86,10,433,0
86,10,434,0
86,10,435,0
86,10,436,1
86,10,437,0
86,10,438,0
86,10,439,0
86,10,440,0
86,10,441,0
86,10,442,0
86,10,443,0
86,10,444,0
86,10,445,1
86,10,446,0
86,10,447,0
86,10,448,0
86,10,449,0
86,10,450,0
86,10,451,0
86,10,452,0
86,10,453,0
86,10,454,1
86,10,455,2
86,10,456,1
86,10,457,2
86,10,458,1
86,10,459,0
86,10,460,0
86,10,461,0
86,10,462,0
86,10,463,2
86,10,464,2
86,10,465,2
86,10,466,1
86,10,467,0
86,10,468,0
86,10,469,0
86,10,470,0
86,10,471,0
86,10,472,2
86,10,473,2
86,10,474,2
86,10,475,1
86,10,476,0
86,10,477,0
86,10,478,0
86,10,479,0
86,10,480,0
86,10,481,2
86,10,482,1
86,10,483,1
86,10,484,1
86,10,485,0
86,10,486,0
86,10,487,0
86,10,488,0
86,10,489,0
86,10,490,1
86,10,491,0
86,10,492,0
86,10,493,0
86,10,494,0
86,10,495,0
86,10,496,0
86,10,497,0
86,10,498,0
86,10,499,1
86,11,0,0
86,11,1,0
86,11,2,0
86,11,3,0
86,11,4,1
86,11,5,0
86,11,6,0
86,11,7,0
86,11,8,0
86,11,9,0
86,11,10,0
86,11,11,0
86,11,12,0
86,11,13,1
86,11,14,1
86,11,15,1
86,11,16,0
86,11,17,0
86,11,18,0
86,11,19,0
86,11,20,0
86,11,21,0
86,11,22,1
86,11,23,0
86,11,24,0
86,11,25,0
86,11,26,0
86,11,27,0
86,11,28,0
86,11,29,0
86,11,30,0
86,11,31,1
86,11,32,0
86,11,33,0
86,11,34,0
86,11,35,0
86,11,36,0
86,11,37,0
86,11,38,0
86,11,39,0
86,11,40,1
86,11,41,0
86,11,42,0
86,11,43,0
86,11,44,0
86,11,45,0
86,11,46,0
86,11,47,0
86,11,48,0
86,11,49,1
86,11,50,0
86,11,51,0
86,11,52,0
86,11,53,0
86,11,54,0
86,11,55,0
86,11,56,0
86,11,57,0
86,11,58,1
86,11,59,0
86,11,60,0
86,11,61,0
86,11,62,0
86,11,63,0
86,11,64,0
86,11,65,0
86,11,66,0
86,11,67,1
86,11,68,0
86,11,69,0
86,11,70,0
86,11,71,0
86,11,72,0
86,11,73,0
86,11,74,0
86,11,75,0
86,11,76,1
86,11,77,0
86,11,78,0
86,11,79,0
86,11,80,0
86,11,81,0
86,11,82,0
86,11,83,0
86,11,84,0
86,11,85,1
86,11,86,0
86,11,87,0
86,11,88,0
86,11,89,0
86,11,90,0
86,11,91,0
86,11,92,0
86,11,93,0
86,11,94,1
86,11,95,1
86,11,96,0
86,11,97,0
86,11,98,1
86,11,99,0
86,11,100,0
86,11,101,0
86,11,102,0
86,11,103,1
86,11,104,0
86,11,105,0
86,11,106,6
86,11,107,3
86,11,108,1
86,11,109,2
86,11,110,1
86,11,111,0
86,11,112,1
86,11,113,0
86,11,114,0
86,11,115,0
86,11,116,0
86,11,117,0
86,11,118,0
86,11,119,0
86,11,120,0
86,11,121,1
86,11,122,1
86,11,123,0
86,11,124,0
86,11,125,0
86,11,126,0
86,11,127,0
86,11,128,0
86,11,129,0
86,11,130,1
86,11,131,3
86,11,132,6
86,11,133,3
86,11,134,1
86,11,135,0
86,11,136,0
86,11,137,0
86,11,138,0
86,11,139,1
86,11,140,1
86,11,141,0
86,11,142,0
86,11,143,0
86,11,144,0
86,11,145,0
86,11,146,0
86,11,147,0
86,11,148,1
86,11,149,1
86,11,150,0
86,11,151,0
86,11,152,0
86,11,153,0
86,11,154,0
86,11,155,0
86,11,156,0
86,11,157,1
86,11,158,1
86,11,159,0
86,11,160,0
86,11,161,0
86,11,162,0
86,11,163,0
86,11,164,0
86,11,165,0
86,11,166,1
86,11,167,1
86,11,168,0
86,11,169,0
86,11,170,0
86,11,171,0
86,11,172,0
86,11,173,0
86,11,174,0
86,11,175,1
86,11,176,0
86,11,177,0
86,11,178,0
86,11,179,0
86,11,180,0
86,11,181,0
86,11,182,0
86,11,183,0
86,11,184,1
86,11,185,0
86,11,186,0
86,11,187,0
86,11,188,0
86,11,189,0
86,11,190,0
86,11,191,0
86,11,192,0
86,11,193,1
86,11,194,0
86,11,195,0
86,11,196,0
86,11,197,0
86,11,198,0
86,11,199,0
86,11,200,0
86,11,201,0
86,11,202,1
86,11,203,1
86,11,204,0
86,11,205,0
86,11,206,0
86,11,207,0
86,11,208,0
86,11,209,0
86,11,210,0
86,11,211,1
86,11,212,1
86,11,213,0
86,11,214,0
86,11,215,0
86,11,216,0
86,11,217,0
86,11,218,0
86,11,219,0
86,11,220,1
86,11,221,1
86,11,222,1
86,11,223,0
86,11,224,0
86,11,225,0
86,11,226,0
86,11,227,0
86,11,228,0
86,11,229,1
86,11,230,4
86,11,231,4
86,11,232,2
86,11,233,1
86,11,234,0
86,11,235,0
86,11,236,0
86,11,237,0
86,11,238,1
86,11,239,0
86,11,240,0
86,11,241,0
86,11,242,0
86,11,243,0
86,11,244,0
86,11,245,0
86,11,246,0
86,11,247,1
86,11,248,0
86,11,249,0
86,11,250,0
86,11,251,0
86,11,252,0
86,11,253,0
86,11,254,0
86,11,255,0
86,11,256,1
86,11,257,0
86,11,258,0
86,11,259,0
86,11,260,0
86,11,261,0
86,11,262,0
86,11,263,0
86,11,264,0
86,11,265,1
86,11,266,0
86,11,267,0
86,11,268,0
86,11,269,0
86,11,270,0
86,11,271,0
86,11,272,0
86,11,273,0
86,11,274,1
86,11,275,0
86,11,276,0
86,11,277,0
86,11,278,0
86,11,279,0
86,11,280,0
86,11,281,0
86,11,282,0
86,11,283,1
86,11,284,0
86,11,285,0
86,11,286,0
86,11,287,0
86,11,288,0
86,11,289,0
86,11,290,0
86,11,291,0
86,11,292,1
86,11,293,0
86,11,294,0
86,11,295,0
86,11,296,0
86,11,297,0
86,11,298,0
86,11,299,0
86,11,300,0
86,11,301,1
86,11,302,1
86,11,303,0
86,11,304,0
86,11,305,0
86,11,306,0
86,11,307,0
86,11,308,0
86,11,309,0
86,11,310,1
86,11,311,2
86,11,312,2
86,11,313,2
86,11,314,2
86,11,315,2
86,11,316,2
86,11,317,2
86,11,318,1
86,11,319,2
86,11,320,1
86,11,321,0
86,11,322,0
86,11,323,0
86,11,324,0
86,11,325,0
86,11,326,0
86,11,327,1
86,11,328,5
86,11,329,7
86,11,330,8
86,11,331,9
86,11,332,9
86,11,333,9
86,11,334,9
86,11,335,4
86,11,336,4
86,11,337,4
86,11,338,6
86,11,339,3
86,11,340,1
86,11,341,0
86,11,342,0
86,11,343,0
86,11,344,0
86,11,345,0
86,11,346,1
86,11,347,1
86,11,348,0
86,11,349,0
86,11,350,0
86,11,351,0
86,11,352,0
86,11,353,0
86,11,354,0
86,11,355,1
86,11,356,0
86,11,357,0
86,11,358,0
86,11,359,0
86,11,360,0
86,11,361,0
86,11,362,0
86,11,363,0
86,11,364,1
86,11,365,0
86,11,366,0
86,11,367,0
86,11,368,0
86,11,369,1
86,11,370,1
86,11,371,2
86,11,372,2
86,11,373,6
86,11,374,8
86,11,375,8
86,11,376,8
86,11,377,8
86,11,378,8
86,11,379,8
86,11,380,9
86,11,381,9
86,11,382,13
86,11,383,16
86,11,384,16
86,11,385,16
86,11,386,16
86,11,387,16
86,11,388,16
86,11,389,16
86,11,390,17
86,11,391,19
86,11,392,11
86,11,393,5
86,11,394,5
86,11,395,8
86,11,396,10
86,11,397,5
86,11,398,2
86,11,399,1
86,11,400,1
86,11,401,0
86,11,402,0
86,11,403,0
86,11,404,0
86,11,405,0
86,11,406,0
86,11,407,0
86,11,408,0
86,11,409,1
86,11,410,0
86,11,411,0
86,11,412,0
86,11,413,0
86,11,414,0
86,11,415,0
86,11,416,0
86,11,417,0
86,11,418,1
86,11,419,3
86,11,420,4
86,11,421,4
86,11,422,4
86,11,423,4
86,11,424,4
86,11,425,4
86,11,426,4
86,11,427,3
86,11,428,2
86,11,429,2
86,11,430,4
86,11,431,6
86,11,432,6
86,11,433,3
86,11,434,1
86,11,435,0
86,11,436,1
86,11,437,3
86,11,438,4
86,11,439,4
86,11,440,4
86,11,441,4
86,11,442,4
86,11,443,4
86,11,444,4
86,11,445,5
86,11,446,7
86,11,447,8
86,11,448,8
86,11,449,8
86,11,450,8
86,11,451,8
86,11,452,8
86,11,453,8
86,11,454,9
86,11,455,11
86,11,456,12
86,11,457,12
86,11,458,12
86,11,459,6
86,11,460,3
86,11,461,1
86,11,462,0
86,11,463,1
86,11,464,1
86,11,465,1
86,11,466,1
86,11,467,0
86,11,468,0
86,11,469,0
86,11,470,0
86,11,471,0
86,11,472,1
86,11,473,1
86,11,474,0
86,11,475,0
86,11,476,0
86,11,477,0
86,11,478,0
86,11,479,0
86,11,480,0
86,11,481,1
86,11,482,1
86,11,483,1
86,11,484,0
86,11,485,0
86,11,486,0
86,11,487,0
86,11,488,0
86,11,489,0
86,11,490,1
86,11,491,1
86,11,492,1
86,11,493,1
86,11,494,0
86,11,495,0
86,11,496,0
86,11,497,0
86,11,498,0
86,11,499,1
86,12,0,0
86,12,1,0
86,12,2,0
86,12,3,0
86,12,4,1
86,12,5,0
86,12,6,0
86,12,7,0
86,12,8,0
86,12,9,0
86,12,10,0
86,12,11,0
86,12,12,0
86,12,13,1
86,12,14,0
86,12,15,0
86,12,16,0
86,12,17,0
86,12,18,0
86,12,19,0
86,12,20,0
86,12,21,0
86,12,22,1
86,12,23,0
86,12,24,0
86,12,25,0
86,12,26,0
86,12,27,0
86,12,28,0
86,12,29,0
86,12,30,0
86,12,31,1
86,12,32,0
86,12,33,0
86,12,34,0
86,12,35,5
86,12,36,5
86,12,37,4
86,12,38,3
86,12,39,2
86,12,40,2
86,12,41,2
86,12,42,2
86,12,43,2
86,12,44,1
86,12,45,1
86,12,46,0
86,12,47,0
86,12,48,0
86,12,49,1
86,12,50,0
86,12,51,0
86,12,52,0
86,12,53,0
86,12,54,0
86,12,55,0
86,12,56,0
86,12,57,0
86,12,58,1
86,12,59,0
86,12,60,0
86,12,61,0
86,12,62,0
86,12,63,0
86,12,64,0
86,12,65,0
86,12,66,0
86,12,67,1
86,12,68,0
86,12,69,0
86,12,70,0
86,12,71,0
86,12,72,0
86,12,73,0
86,12,74,0
86,12,75,0
86,12,76,1
86,12,77,0
86,12,78,0
86,12,79,0
86,12,80,0
86,12,81,0
86,12,82,0
86,12,83,0
86,12,84,0
86,12,85,1
86,12,86,0
86,12,87,0
86,12,88,0
86,12,89,0
86,12,90,0
86,12,91,0
86,12,92,0
86,12,93,0
86,12,94,1
86,12,95,0
86,12,96,0
86,12,97,0
86,12,98,0
86,12,99,0
86,12,100,0
86,12,101,0
86,12,102,0
86,12,103,1
86,12,104,0
86,12,105,0
86,12,106,0
86,12,107,0
86,12,108,0
86,12,109,0
86,12,110,0
86,12,111,0
86,12,112,1
86,12,113,0
86,12,114,0
86,12,115,0
86,12,116,0
86,12,117,0
86,12,118,0
86,12,119,0
86,12,120,0
86,12,121,1
86,12,122,0
86,12,123,0
86,12,124,0
86,12,125,0
86,12,126,0
86,12,127,0
86,12,128,0
86,12,129,0
86,12,130,1
86,12,131,0
86,12,132,0
86,12,133,0
86,12,134,0
86,12,135,0
86,12,136,0
86,12,137,0
86,12,138,0
86,12,139,1
86,12,140,0
86,12,141,0
86,12,142,0
86,12,143,0
86,12,144,0
86,12,145,0
86,12,146,0
86,12,147,0
86,12,148,1
86,12,149,0
86,12,150,0
86,12,151,0
86,12,152,0
86,12,153,0
86,12,154,0
86,12,155,0
86,12,156,0
86,12,157,1
86,12,158,0
86,12,159,0
86,12,160,0
86,12,161,0
86,12,162,0
86,12,163,0
86,12,164,0
86,12,165,0
86,12,166,1
86,12,167,0
86,12,168,0
86,12,169,0
86,12,170,0
86,12,171,0
86,12,172,0
86,12,173,0
86,12,174,0
86,12,175,1
86,12,176,0
86,12,177,0
86,12,178,0
86,12,179,0
86,12,180,0
86,12,181,0
86,12,182,0
86,12,183,0
86,12,184,1
86,12,185,0
86,12,186,0
86,12,187,0
86,12,188,0
86,12,189,0
86,12,190,0
86,12,191,0
86,12,192,0
86,12,193,1
86,12,194,0
86,12,195,0
86,12,196,0
86,12,197,0
86,12,198,0
86,12,199,0
86,12,200,0
86,12,201,0
86,12,202,1
86,12,203,1
86,12,204,0
86,12,205,0
86,12,206,0
86,12,207,0
86,12,208,0
86,12,209,0
86,12,210,0
86,12,211,1
86,12,212,0
86,12,213,0
86,12,214,0
86,12,215,0
86,12,216,0
86,12,217,0
86,12,218,0
86,12,219,0
86,12,220,1
86,12,221,0
86,12,222,0
86,12,223,0
86,12,224,0
86,12,225,0
86,12,226,0
86,12,227,0
86,12,228,0
86,12,229,1
86,12,230,0
86,12,231,0
86,12,232,0
86,12,233,0
86,12,234,0
86,12,235,0
86,12,236,0
86,12,237,0
86,12,238,1
86,12,239,0
86,12,240,0
86,12,241,0
86,12,242,0
86,12,243,0
86,12,244,0
86,12,245,0
86,12,246,0
86,12,247,1
86,12,248,0
86,12,249,0
86,12,250,0
86,12,251,0
86,12,252,0
86,12,253,0
86,12,254,0
86,12,255,0
86,12,256,1
86,12,257,0
86,12,258,0
86,12,259,0
86,12,260,0
86,12,261,0
86,12,262,0
86,12,263,0
86,12,264,0
86,12,265,1
86,12,266,0
86,12,267,0
86,12,268,0
86,12,269,0
86,12,270,0
86,12,271,0
86,12,272,0
86,12,273,0
86,12,274,1
86,12,275,0
86,12,276,0
86,12,277,0
86,12,278,0
86,12,279,0
86,12,280,0
86,12,281,0
86,12,282,0
86,12,283,1
86,12,284,0
86,12,285,0
86,12,286,0
86,12,287,0
86,12,288,0
86,12,289,0
86,12,290,0
86,12,291,0
86,12,292,1
86,12,293,0
86,12,294,0
86,12,295,0
86,12,296,0
86,12,297,0
86,12,298,0
86,12,299,0
86,12,300,0
86,12,301,1
86,12,302,0
86,12,303,0
86,12,304,0
86,12,305,0
86,12,306,0
86,12,307,0
86,12,308,0
86,12,309,0
86,12,310,1
86,12,311,0
86,12,312,0
86,12,313,0
86,12,314,0
86,12,315,0
86,12,316,0
86,12,317,0
86,12,318,0
86,12,319,1
86,12,320,0
86,12,321,0
86,12,322,0
86,12,323,0
86,12,324,0
86,12,325,0
86,12,326,0
86,12,327,0
86,12,328,1
86,12,329,0
86,12,330,0
86,12,331,0
86,12,332,0
86,12,333,0
86,12,334,0
86,12,335,0
86,12,336,0
86,12,337,1
86,12,338,0
86,12,339,0
86,12,340,0
86,12,341,0
86,12,342,0
86,12,343,0
86,12,344,0
86,12,345,0
86,12,346,1
86,12,347,0
86,12,348,0
86,12,349,0
86,12,350,0
86,12,351,0
86,12,352,0
86,12,353,0
86,12,354,0
86,12,355,1
86,12,356,0
86,12,357,1
86,12,358,1
86,12,359,0
86,12,360,0
86,12,361,0
86,12,362,0
86,12,363,0
86,12,364,1
86,12,365,0
86,12,366,0
86,12,367,0
86,12,368,0
86,12,369,0
86,12,370,0
86,12,371,0
86,12,372,0
86,12,373,1
86,12,374,0
86,12,375,0
86,12,376,0
86,12,377,0
86,12,378,0
86,12,379,0
86,12,380,0
86,12,381,0
86,12,382,1
86,12,383,0
86,12,384,0
86,12,385,0
86,12,386,0
86,12,387,0
86,12,388,0
86,12,389,0
86,12,390,0
86,12,391,1
86,12,392,0
86,12,393,0
86,12,394,0
86,12,395,0
86,12,396,1
86,12,397,0
86,12,398,0
86,12,399,0
86,12,400,1
86,12,401,0
86,12,402,0
86,12,403,0
86,12,404,0
86,12,405,0
86,12,406,0
86,12,407,0
86,12,408,0
86,12,409,1
86,12,410,0
86,12,411,0
86,12,412,0
86,12,413,0
86,12,414,0
86,12,415,0
86,12,416,0
86,12,417,0
86,12,418,1
86,12,419,0
86,12,420,0
86,12,421,0
86,12,422,0
86,12,423,0
86,12,424,0
86,12,425,0
86,12,426,0
86,12,427,1
86,12,428,0
86,12,429,0
86,12,430,0
86,12,431,0
86,12,432,0
86,12,433,0
86,12,434,0
86,12,435,0
86,12,436,1
86,12,437,1
86,12,438,2
86,12,439,1
86,12,440,1
86,12,441,0
86,12,442,0
86,12,443,0
86,12,444,0
86,12,445,1
86,12,446,0
86,12,447,0
86,12,448,0
86,12,449,0
86,12,450,0
86,12,451,0
86,12,452,0
86,12,453,0
86,12,454,1
86,12,455,0
86,12,456,0
86,12,457,0
86,12,458,0
86,12,459,0
86,12,460,0
86,12,461,0
86,12,462,0
86,12,463,1
86,12,464,0
86,12,465,0
86,12,466,0
86,12,467,0
86,12,468,1
86,12,469,1
86,12,470,2
86,12,471,3
86,12,472,5
86,12,473,6
86,12,474,8
86,12,475,5
86,12,476,3
86,12,477,3
86,12,478,7
86,12,479,5
86,12,480,3
86,12,481,2
86,12,482,4
86,12,483,4
86,12,484,4
86,12,485,2
86,12,486,5
86,12,487,2
86,12,488,1
86,12,489,0
86,12,490,1
86,12,491,0
86,12,492,0
86,12,493,0
86,12,494,0
86,12,495,0
86,12,496,0
86,12,497,0
86,12,498,0
86,12,499,1
86,13,0,0
86,13,1,0
86,13,2,0
86,13,3,0
86,13,4,1
86,13,5,0
86,13,6,0
86,13,7,0
86,13,8,0
86,13,9,0
86,13,10,0
86,13,11,0
86,13,12,0
86,13,13,1
86,13,14,0
86,13,15,0
86,13,16,0
86,13,17,0
86,13,18,0
86,13,19,0
86,13,20,0
86,13,21,0
86,13,22,1
86,13,23,1
86,13,24,0
86,13,25,0
86,13,26,0
86,13,27,0
86,13,28,0
86,13,29,0
86,13,30,0
86,13,31,1
86,13,32,1
86,13,33,1
86,13,34,0
86,13,35,0
86,13,36,0
86,13,37,0
86,13,38,0
86,13,39,0
86,13,40,1
86,13,41,0
86,13,42,0
86,13,43,0
86,13,44,0
86,13,45,0
86,13,46,0
86,13,47,0
86,13,48,0
86,13,49,1
86,13,50,0
86,13,51,0
86,13,52,0
86,13,53,0
86,13,54,0
86,13,55,0
86,13,56,0
86,13,57,0
86,13,58,1
86,13,59,1
86,13,60,0
86,13,61,0
86,13,62,0
86,13,63,0
86,13,64,0
86,13,65,0
86,13,66,0
86,13,67,1
86,13,68,1
86,13,69,0
86,13,70,0
86,13,71,0
86,13,72,0
86,13,73,0
86,13,74,0
86,13,75,0
86,13,76,1
86,13,77,1
86,13,78,0
86,13,79,0
86,13,80,0
86,13,81,0
86,13,82,0
86,13,83,0
86,13,84,0
86,13,85,1
86,13,86,1
86,13,87,0
86,13,88,0
86,13,89,0
86,13,90,0
86,13,91,0
86,13,92,0
86,13,93,0
86,13,94,1
86,13,95,0
86,13,96,0
86,13,97,0
86,13,98,0
86,13,99,0
86,13,100,0
86,13,101,0
86,13,102,0
86,13,103,1
86,13,104,0
86,13,105,0
86,13,106,0
86,13,107,0
86,13,108,0
86,13,109,0
86,13,110,0
86,13,111,0
86,13,112,1
86,13,113,0
86,13,114,0
86,13,115,0
86,13,116,0
86,13,117,0
86,13,118,0
86,13,119,0
86,13,120,0
86,13,121,1
86,13,122,0
86,13,123,0
86,13,124,0
86,13,125,0
86,13,126,0
86,13,127,0
86,13,128,0
86,13,129,0
86,13,130,1
86,13,131,0
86,13,132,0
86,13,133,0
86,13,134,0
86,13,135,0
86,13,136,0
86,13,137,0
86,13,138,0
86,13,139,1
86,13,140,0
86,13,141,0
86,13,142,0
86,13,143,0
86,13,144,0
86,13,145,0
86,13,146,0
86,13,147,0
86,13,148,1
86,13,149,0
86,13,150,0
86,13,151,0
86,13,152,0
86,13,153,0
86,13,154,0
86,13,155,0
86,13,156,0
86,13,157,1
86,13,158,0
86,13,159,0
86,13,160,0
86,13,161,0
86,13,162,0
86,13,163,0
86,13,164,0
86,13,165,0
86,13,166,1
86,13,167,0
86,13,168,0
86,13,169,0
86,13,170,0
86,13,171,0
86,13,172,0
86,13,173,0
86,13,174,0
86,13,175,1
86,13,176,0
86,13,177,0
86,13,178,0
86,13,179,0
86,13,180,0
86,13,181,0
86,13,182,0
86,13,183,0
86,13,184,1
86,13,185,0
86,13,186,0
86,13,187,0
86,13,188,0
86,13,189,0
86,13,190,0
86,13,191,0
86,13,192,0
86,13,193,1
86,13,194,0
86,13,195,0
86,13,196,0
86,13,197,0
86,13,198,0
86,13,199,0
86,13,200,0
86,13,201,0
86,13,202,1
86,13,203,0
86,13,204,0
86,13,205,0
86,13,206,0
86,13,207,0
86,13,208,0
86,13,209,0
86,13,210,0
86,13,211,1
86,13,212,0
86,13,213,0
86,13,214,0
86,13,215,0
86,13,216,0
86,13,217,0
86,13,218,0
86,13,219,0
86,13,220,1
86,13,221,0
86,13,222,0
86,13,223,0
86,13,224,0
86,13,225,0
86,13,226,0
86,13,227,0
86,13,228,0
86,13,229,1
86,13,230,1
86,13,231,0
86,13,232,0
86,13,233,0
86,13,234,0
86,13,235,0
86,13,236,0
86,13,237,0
86,13,238,1
86,13,239,0
86,13,240,0
86,13,241,0
86,13,242,0
86,13,243,0
86,13,244,0
86,13,245,0
86,13,246,0
86,13,247,1
86,13,248,0
86,13,249,0
86,13,250,0
86,13,251,0
86,13,252,0
86,13,253,0
86,13,254,0
86,13,255,0
86,13,256,1
86,13,257,0
86,13,258,0
86,13,259,0
86,13,260,0
86,13,261,0
86,13,262,0
86,13,263,0
86,13,264,0
86,13,265,1
86,13,266,1
86,13,267,0
86,13,268,0
86,13,269,1
86,13,270,0
86,13,271,0
86,13,272,0
86,13,273,0
86,13,274,1
86,13,275,0
86,13,276,0
86,13,277,0
86,13,278,0
86,13,279,0
86,13,280,0
86,13,281,0
86,13,282,1
86,13,283,1
86,13,284,0
86,13,285,0
86,13,286,0
86,13,287,0
86,13,288,0
86,13,289,0
86,13,290,0
86,13,291,0
86,13,292,2
86,13,293,1
86,13,294,0
86,13,295,1
86,13,296,0
86,13,297,0
86,13,298,0
86,13,299,0
86,13,300,0
86,13,301,1
86,13,302,0
86,13,303,0
86,13,304,0
86,13,305,0
86,13,306,0
86,13,307,0
86,13,308,0
86,13,309,1
86,13,310,2
86,13,311,1
86,13,312,0
86,13,313,0
86,13,314,0
86,13,315,0
86,13,316,0
86,13,317,0
86,13,318,1
86,13,319,1
86,13,320,0
86,13,321,0
86,13,322,0
86,13,323,0
86,13,324,0
86,13,325,0
86,13,326,0
86,13,327,0
86,13,328,2
86,13,329,1
86,13,330,0
86,13,331,0
86,13,332,0
86,13,333,0
86,13,334,0
86,13,335,0
86,13,336,0
86,13,337,1
86,13,338,0
86,13,339,0
86,13,340,0
86,13,341,0
86,13,342,0
86,13,343,0
86,13,344,0
86,13,345,0
86,13,346,1
86,13,347,0
86,13,348,0
86,13,349,0
86,13,350,0
86,13,351,0
86,13,352,0
86,13,353,0
86,13,354,0
86,13,355,1
86,13,356,0
86,13,357,0
86,13,358,0
86,13,359,0
86,13,360,0
86,13,361,0
86,13,362,0
86,13,363,1
86,13,364,2
86,13,365,2
86,13,366,1
86,13,367,0
86,13,368,0
86,13,369,0
86,13,370,0
86,13,371,0
86,13,372,0
86,13,373,1
86,13,374,1
86,13,375,0
86,13,376,0
86,13,377,0
86,13,378,0
86,13,379,0
86,13,380,0
86,13,381,0
86,13,382,1
86,13,383,1
86,13,384,0
86,13,385,0
86,13,386,0
86,13,387,0
86,13,388,0
86,13,389,0
86,13,390,0
86,13,391,1
86,13,392,1
86,13,393,0
86,13,394,0
86,13,395,0
86,13,396,0
86,13,397,0
86,13,398,0
86,13,399,0
86,13,400,1
86,13,401,1
86,13,402,0
86,13,403,0
86,13,404,0
86,13,405,0
86,13,406,0
86,13,407,0
86,13,408,0
86,13,409,2
86,13,410,1
86,13,411,1
86,13,412,0
86,13,413,0
86,13,414,0
86,13,415,0
86,13,416,0
86,13,417,0
86,13,418,2
86,13,419,2
86,13,420,1
86,13,421,0
86,13,422,0
86,13,423,0
86,13,424,0
86,13,425,0
86,13,426,1
86,13,427,2
86,13,428,1
86,13,429,1
86,13,430,0
86,13,431,0
86,13,432,0
86,13,433,0
86,13,434,0
86,13,435,0
86,13,436,2
86,13,437,2
86,13,438,1
86,13,439,1
86,13,440,0
86,13,441,0
86,13,442,0
86,13,443,0
86,13,444,0
86,13,445,1
86,13,446,0
86,13,447,0
86,13,448,0
86,13,449,0
86,13,450,0
86,13,451,0
86,13,452,0
86,13,453,0
86,13,454,1
86,13,455,0
86,13,456,0
86,13,457,0
86,13,458,0
86,13,459,0
86,13,460,0
86,13,461,0
86,13,462,0
86,13,463,1
86,13,464,0
86,13,465,0
86,13,466,0
86,13,467,0
86,13,468,0
86,13,469,0
86,13,470,0
86,13,471,0
86,13,472,1
86,13,473,0
86,13,474,0
86,13,475,0
86,13,476,0
86,13,477,0
86,13,478,0
86,13,479,0
86,13,480,0
86,13,481,1
86,13,482,0
86,13,483,0
86,13,484,0
86,13,485,0
86,13,486,0
86,13,487,0
86,13,488,0
86,13,489,0
86,13,490,1
86,13,491,0
86,13,492,0
86,13,493,0
86,13,494,0
86,13,495,0
86,13,496,0
86,13,497,0
86,13,498,0
86,13,499,1
86,14,0,0
86,14,1,0
86,14,2,0
86,14,3,0
86,14,4,1
86,14,5,0
86,14,6,0
86,14,7,0
86,14,8,0
86,14,9,0
86,14,10,1
86,14,11,0
86,14,12,0
86,14,13,1
86,14,14,2
86,14,15,1
86,14,16,1
86,14,17,1
86,14,18,1
86,14,19,1
86,14,20,0
86,14,21,0
86,14,22,1
86,14,23,0
86,14,24,0
86,14,25,0
86,14,26,0
86,14,27,0
86,14,28,0
86,14,29,0
86,14,30,0
86,14,31,1
86,14,32,0
86,14,33,0
86,14,34,0
86,14,35,0
86,14,36,0
86,14,37,0
86,14,38,0
86,14,39,0
86,14,40,1
86,14,41,0
86,14,42,0
86,14,43,0
86,14,44,0
86,14,45,0
86,14,46,0
86,14,47,0
86,14,48,0
86,14,49,1
86,14,50,0
86,14,51,0
86,14,52,0
86,14,53,0
86,14,54,0
86,14,55,0
86,14,56,0
86,14,57,0
86,14,58,1
86,14,59,3
86,14,60,3
86,14,61,4
86,14,62,6
86,14,63,6
86,14,64,6
86,14,65,6
86,14,66,6
86,14,67,9
86,14,68,11
86,14,69,5
86,14,70,3
86,14,71,2
86,14,72,1
86,14,73,0
86,14,74,0
86,14,75,0
86,14,76,1
86,14,77,0
86,14,78,0
86,14,79,0
86,14,80,0
86,14,81,0
86,14,82,0
86,14,83,0
86,14,84,0
86,14,85,1
86,14,86,0
86,14,87,0
86,14,88,0
86,14,89,0
86,14,90,0
86,14,91,0
86,14,92,0
86,14,93,0
86,14,94,1
86,14,95,1
86,14,96,0
86,14,97,0
86,14,98,0
86,14,99,0
86,14,100,0
86,14,101,3
86,14,102,1
86,14,103,2
86,14,104,1
86,14,105,0
86,14,106,0
86,14,107,0
86,14,108,0
86,14,109,0
86,14,110,0
86,14,111,0
86,14,112,1
86,14,113,0
86,14,114,0
86,14,115,0
86,14,116,0
86,14,117,0
86,14,118,0
86,14,119,0
86,14,120,0
86,14,121,1
86,14,122,11
86,14,123,20
86,14,124,26
86,14,125,28
86,14,126,29
86,14,127,30
86,14,128,30
86,14,129,30
86,14,130,22
86,14,131,23
86,14,132,23
86,14,133,27
86,14,134,31
86,14,135,34
86,14,136,37
86,14,137,38
86,14,138,38
86,14,139,40
86,14,140,42
86,14,141,43
86,14,142,45
86,14,143,46
86,14,144,46
86,14,145,47
86,14,146,47
86,14,147,47
86,14,148,49
86,14,149,40
86,14,150,31
86,14,151,21
86,14,152,11
86,14,153,5
86,14,154,2
86,14,155,1
86,14,156,0
86,14,157,1
86,14,158,0
86,14,159,0
86,14,160,0
86,14,161,0
86,14,162,0
86,14,163,0
86,14,164,0
86,14,165,0
86,14,166,1
86,14,167,0
86,14,168,0
86,14,169,0
86,14,170,0
86,14,171,0
86,14,172,0
86,14,173,0
86,14,174,0
86,14,175,1
86,14,176,0
86,14,177,0
86,14,178,0
86,14,179,0
86,14,180,0
86,14,181,0
86,14,182,0
86,14,183,0
86,14,184,1
86,14,185,0
86,14,186,0
86,14,187,0
86,14,188,0
86,14,189,0
86,14,190,0
86,14,191,0
86,14,192,0
86,14,193,1
86,14,194,1
86,14,195,0
86,14,196,0
86,14,197,0
86,14,198,0
86,14,199,0
86,14,200,0
86,14,201,0
86,14,202,1
86,14,203,0
86,14,204,0
86,14,205,0
86,14,206,0
86,14,207,0
86,14,208,0
86,14,209,0
86,14,210,0
86,14,211,1
86,14,212,0
86,14,213,0
86,14,214,0
86,14,215,0
86,14,216,0
86,14,217,0
86,14,218,0
86,14,219,0
86,14,220,1
86,14,221,0
86,14,222,0
86,14,223,0
86,14,224,0
86,14,225,0
86,14,226,0
86,14,227,0
86,14,228,0
86,14,229,1
86,14,230,0
86,14,231,0
86,14,232,0
86,14,233,0
86,14,234,0
86,14,235,0
86,14,236,0
86,14,237,0
86,14,238,1
86,14,239,0
86,14,240,0
86,14,241,0
86,14,242,0
86,14,243,0
86,14,244,0
86,14,245,0
86,14,246,0
86,14,247,1
86,14,248,0
86,14,249,0
86,14,250,0
86,14,251,0
86,14,252,0
86,14,253,0
86,14,254,0
86,14,255,0
86,14,256,1
86,14,257,1
86,14,258,1
86,14,259,1
86,14,260,3
86,14,261,5
86,14,262,2
86,14,263,1
86,14,264,0
86,14,265,1
86,14,266,1
86,14,267,1
86,14,268,0
86,14,269,0
86,14,270,0
86,14,271,0
86,14,272,0
86,14,273,0
86,14,274,1
86,14,275,0
86,14,276,0
86,14,277,0
86,14,278,0
86,14,279,0
86,14,280,0
86,14,281,0
86,14,282,0
86,14,283,1
86,14,284,0
86,14,285,0
86,14,286,0
86,14,287,0
86,14,288,0
86,14,289,0
86,14,290,0
86,14,291,0
86,14,292,1
86,14,293,1
86,14,294,0
86,14,295,0
86,14,296,0
86,14,297,0
86,14,298,0
86,14,299,0
86,14,300,0
86,14,301,1
86,14,302,0
86,14,303,0
86,14,304,0
86,14,305,0
86,14,306,0
86,14,307,0
86,14,308,0
86,14,309,0
86,14,310,1
86,14,311,0
86,14,312,0
86,14,313,0
86,14,314,0
86,14,315,0
86,14,316,0
86,14,317,0
86,14,318,0
86,14,319,1
86,14,320,0
86,14,321,0
86,14,322,0
86,14,323,0
86,14,324,0
86,14,325,0
86,14,326,0
86,14,327,0
86,14,328,1
86,14,329,0
86,14,330,0
86,14,331,0
86,14,332,0
86,14,333,0
86,14,334,0
86,14,335,0
86,14,336,0
86,14,337,1
86,14,338,0
86,14,339,0
86,14,340,0
86,14,341,0
86,14,342,0
86,14,343,0
86,14,344,0
86,14,345,0
86,14,346,1
86,14,347,0
86,14,348,0
86,14,349,0
86,14,350,0
86,14,351,0
86,14,352,0
86,14,353,0
86,14,354,0
86,14,355,1
86,14,356,0
86,14,357,0
86,14,358,0
86,14,359,0
86,14,360,0
86,14,361,0
86,14,362,2
86,14,363,1
86,14,364,1
86,14,365,0
86,14,366,0
86,14,367,1
86,14,368,0
86,14,369,0
86,14,370,0
86,14,371,0
86,14,372,0
86,14,373,1
86,14,374,0
86,14,375,0
86,14,376,0
86,14,377,0
86,14,378,0
86,14,379,0
86,14,380,0
86,14,381,0
86,14,382,1
86,14,383,0
86,14,384,0
86,14,385,0
86,14,386,0
86,14,387,0
86,14,388,0
86,14,389,0
86,14,390,0
86,14,391,1
86,14,392,0
86,14,393,0
86,14,394,0
86,14,395,0
86,14,396,0
86,14,397,0
86,14,398,0
86,14,399,0
86,14,400,1
86,14,401,0
86,14,402,0
86,14,403,0
86,14,404,0
86,14,405,0
86,14,406,0
86,14,407,0
86,14,408,0
86,14,409,1
86,14,410,0
86,14,411,0
86,14,412,0
86,14,413,0
86,14,414,1
86,14,415,1
86,14,416,1
86,14,417,0
86,14,418,1
86,14,419,0
86,14,420,0
86,14,421,0
86,14,422,0
86,14,423,0
86,14,424,0
86,14,425,0
86,14,426,0
86,14,427,1
86,14,428,0
86,14,429,0
86,14,430,0
86,14,431,0
86,14,432,0
86,14,433,0
86,14,434,0
86,14,435,0
86,14,436,1
86,14,437,0
86,14,438,0
86,14,439,0
86,14,440,0
86,14,441,0
86,14,442,0
86,14,443,0
86,14,444,0
86,14,445,1
86,14,446,0
86,14,447,0
86,14,448,0
86,14,449,0
86,14,450,0
86,14,451,0
86,14,452,0
86,14,453,0
86,14,454,1
86,14,455,0
86,14,456,0
86,14,457,0
86,14,458,0
86,14,459,0
86,14,460,0
86,14,461,0
86,14,462,0
86,14,463,1
86,14,464,0
86,14,465,0
86,14,466,0
86,14,467,0
86,14,468,0
86,14,469,0
86,14,470,0
86,14,471,0
86,14,472,1
86,14,473,0
86,14,474,0
86,14,475,0
86,14,476,0
86,14,477,0
86,14,478,0
86,14,479,0
86,14,480,0
86,14,481,1
86,14,482,0
86,14,483,0
86,14,484,0
86,14,485,0
86,14,486,0
86,14,487,0
86,14,488,0
86,14,489,0
86,14,490,1
86,14,491,0
86,14,492,0
86,14,493,0
86,14,494,0
86,14,495,0
86,14,496,0
86,14,497,0
86,14,498,0
86,14,499,1
86,15,0,0
86,15,1,0
86,15,2,0
86,15,3,0
86,15,4,1
86,15,5,0
86,15,6,0
86,15,7,0
86,15,8,0
86,15,9,0
86,15,10,0
86,15,11,0
86,15,12,0
86,15,13,1
86,15,14,1
86,15,15,2
86,15,16,5
86,15,17,7
86,15,18,8
86,15,19,10
86,15,20,11
86,15,21,11
86,15,22,13
86,15,23,14
86,15,24,15
86,15,25,17
86,15,26,18
86,15,27,23
86,15,28,27
86,15,29,28
86,15,30,29
86,15,31,31
86,15,32,34
86,15,33,36
86,15,34,38
86,15,35,39
86,15,36,29
86,15,37,19
86,15,38,9
86,15,39,4
86,15,40,3
86,15,41,1
86,15,42,2
86,15,43,1
86,15,44,0
86,15,45,0
86,15,46,0
86,15,47,0
86,15,48,0
86,15,49,1
86,15,50,1
86,15,51,0
86,15,52,0
86,15,53,0
86,15,54,0
86,15,55,0
86,15,56,0
86,15,57,0
86,15,58,1
86,15,59,1
86,15,60,0
86,15,61,0
86,15,62,0
86,15,63,0
86,15,64,0
86,15,65,0
86,15,66,0
86,15,67,1
86,15,68,1
86,15,69,0
86,15,70,0
86,15,71,0
86,15,72,0
86,15,73,0
86,15,74,0
86,15,75,0
86,15,76,2
86,15,77,2
86,15,78,2
86,15,79,1
86,15,80,0
86,15,81,0
86,15,82,0
86,15,83,0
86,15,84,0
86,15,85,1
86,15,86,0
86,15,87,0
86,15,88,0
86,15,89,1
86,15,90,1
86,15,91,0
86,15,92,0
86,15,93,0
86,15,94,1
86,15,95,0
86,15,96,0
86,15,97,0
86,15,98,0
86,15,99,0
86,15,100,0
86,15,101,0
86,15,102,0
86,15,103,1
86,15,104,0
86,15,105,0
86,15,106,0
86,15,107,0
86,15,108,0
86,15,109,0
86,15,110,0
86,15,111,0
86,15,112,1
86,15,113,0
86,15,114,5
86,15,115,20
86,15,116,10
86,15,117,5
86,15,118,2
86,15,119,1
86,15,120,0
86,15,121,1
86,15,122,0
86,15,123,0
86,15,124,0
86,15,125,0
86,15,126,0
86,15,127,0
86,15,128,0
86,15,129,0
86,15,130,1
86,15,131,0
86,15,132,0
86,15,133,0
86,15,134,0
86,15,135,0
86,15,136,0
86,15,137,0
86,15,138,0
86,15,139,1
86,15,140,0
86,15,141,0
86,15,142,0
86,15,143,0
86,15,144,0
86,15,145,0
86,15,146,0
86,15,147,0
86,15,148,1
86,15,149,0
86,15,150,0
86,15,151,0
86,15,152,0
86,15,153,0
86,15,154,0
86,15,155,0
86,15,156,0
86,15,157,1
86,15,158,0
86,15,159,0
86,15,160,0
86,15,161,0
86,15,162,0
86,15,163,1
86,15,164,0
86,15,165,1
86,15,166,1
86,15,167,0
86,15,168,0
86,15,169,0
86,15,170,0
86,15,171,0
86,15,172,0
86,15,173,0
86,15,174,0
86,15,175,1
86,15,176,0
86,15,177,0
86,15,178,0
86,15,179,0
86,15,180,0
86,15,181,0
86,15,182,0
86,15,183,0
86,15,184,1
86,15,185,0
86,15,186,0
86,15,187,0
86,15,188,0
86,15,189,0
86,15,190,0
86,15,191,0
86,15,192,0
86,15,193,1
86,15,194,2
86,15,195,1
86,15,196,0
86,15,197,0
86,15,198,0
86,15,199,0
86,15,200,0
86,15,201,0
86,15,202,2
86,15,203,2
86,15,204,2
86,15,205,2
86,15,206,1
86,15,207,0
86,15,208,0
86,15,209,0
86,15,210,0
86,15,211,1
86,15,212,0
86,15,213,0
86,15,214,0
86,15,215,0
86,15,216,0
86,15,217,0
86,15,218,0
86,15,219,0
86,15,220,1
86,15,221,0
86,15,222,0
86,15,223,0
86,15,224,0
86,15,225,0
86,15,226,0
86,15,227,0
86,15,228,0
86,15,229,1
86,15,230,0
86,15,231,0
86,15,232,0
86,15,233,0
86,15,234,0
86,15,235,0
86,15,236,0
86,15,237,0
86,15,238,2
86,15,239,2
86,15,240,2
86,15,241,1
86,15,242,0
86,15,243,0
86,15,244,0
86,15,245,0
86,15,246,0
86,15,247,1
86,15,248,1
86,15,249,1
86,15,250,1
86,15,251,0
86,15,252,0
86,15,253,0
86,15,254,0
86,15,255,0
86,15,256,1
86,15,257,0
86,15,258,0
86,15,259,0
86,15,260,0
86,15,261,0
86,15,262,0
86,15,263,0
86,15,264,0
86,15,265,1
86,15,266,0
86,15,267,0
86,15,268,0
86,15,269,0
86,15,270,0
86,15,271,0
86,15,272,0
86,15,273,0
86,15,274,1
86,15,275,1
86,15,276,0
86,15,277,0
86,15,278,0
86,15,279,0
86,15,280,0
86,15,281,0
86,15,282,0
86,15,283,1
86,15,284,0
86,15,285,0
86,15,286,0
86,15,287,0
86,15,288,0
86,15,289,0
86,15,290,0
86,15,291,0
86,15,292,1
86,15,293,0
86,15,294,0
86,15,295,0
86,15,296,0
86,15,297,1
86,15,298,1
86,15,299,0
86,15,300,0
86,15,301,1
86,15,302,0
86,15,303,0
86,15,304,0
86,15,305,0
86,15,306,0
86,15,307,0
86,15,308,0
86,15,309,0
86,15,310,1
86,15,311,0
86,15,312,0
86,15,313,0
86,15,314,0
86,15,315,0
86,15,316,0
86,15,317,1
86,15,318,0
86,15,319,1
86,15,320,0
86,15,321,0
86,15,322,0
86,15,323,0
86,15,324,0
86,15,325,0
86,15,326,0
86,15,327,0
86,15,328,1
86,15,329,1
86,15,330,0
86,15,331,0
86,15,332,0
86,15,333,0
86,15,334,0
86,15,335,0
86,15,336,0
86,15,337,1
86,15,338,1
86,15,339,0
86,15,340,0
86,15,341,0
86,15,342,0
86,15,343,0
86,15,344,0
86,15,345,0
86,15,346,1
86,15,347,0
86,15,348,0
86,15,349,0
86,15,350,0
86,15,351,0
86,15,352,0
86,15,353,0
86,15,354,0
86,15,355,1
86,15,356,0
86,15,357,0
86,15,358,0
86,15,359,0
86,15,360,0
86,15,361,0
86,15,362,0
86,15,363,0
86,15,364,1
86,15,365,0
86,15,366,0
86,15,367,0
86,15,368,0
86,15,369,0
86,15,370,0
86,15,371,0
86,15,372,0
86,15,373,1
86,15,374,0
86,15,375,0
86,15,376,0
86,15,377,0
86,15,378,0
86,15,379,0
86,15,380,0
86,15,381,0
86,15,382,1
86,15,383,0
86,15,384,0
86,15,385,3
86,15,386,9
86,15,387,4
86,15,388,2
86,15,389,1
86,15,390,0
86,15,391,1
86,15,392,0
86,15,393,5
86,15,394,7
86,15,395,8
86,15,396,9
86,15,397,9
86,15,398,8
86,15,399,4
86,15,400,4
86,15,401,2
86,15,402,1
86,15,403,0
86,15,404,0
86,15,405,0
86,15,406,0
86,15,407,0
86,15,408,0
86,15,409,1
86,15,410,0
86,15,411,0
86,15,412,0
86,15,413,0
86,15,414,0
86,15,415,0
86,15,416,3
86,15,417,1
86,15,418,1
86,15,419,0
86,15,420,0
86,15,421,0
86,15,422,0
86,15,423,0
86,15,424,0
86,15,425,0
86,15,426,0
86,15,427,1
86,15,428,0
86,15,429,0
86,15,430,0
86,15,431,0
86,15,432,0
86,15,433,0
86,15,434,0
86,15,435,0
86,15,436,1
86,15,437,0
86,15,438,0
86,15,439,0
86,15,440,0
86,15,441,0
86,15,442,0
86,15,443,0
86,15,444,0
86,15,445,1
86,15,446,0
86,15,447,0
86,15,448,0
86,15,449,0
86,15,450,0
86,15,451,0
86,15,452,0
86,15,453,0
86,15,454,1
86,15,455,0
86,15,456,0
86,15,457,0
86,15,458,0
86,15,459,0
86,15,460,0
86,15,461,0
86,15,462,0
86,15,463,1
86,15,464,0
86,15,465,0
86,15,466,0
86,15,467,0
86,15,468,0
86,15,469,0
86,15,470,0
86,15,471,0
86,15,472,1
86,15,473,0
86,15,474,0
86,15,475,0
86,15,476,0
86,15,477,0
86,15,478,0
86,15,479,0
86,15,480,0
86,15,481,1
86,15,482,0
86,15,483,0
86,15,484,0
86,15,485,0
86,15,486,0
86,15,487,0
86,15,488,0
86,15,489,0
86,15,490,1
86,15,491,0
86,15,492,0
86,15,493,0
86,15,494,0
86,15,495,0
86,15,496,0
86,15,497,0
86,15,498,0
86,15,499,1
86,16,0,0
86,16,1,0
86,16,2,0
86,16,3,0
86,16,4,1
86,16,5,0
86,16,6,0
86,16,7,0
86,16,8,0
86,16,9,0
86,16,10,0
86,16,11,0
86,16,12,0
86,16,13,1
86,16,14,0
86,16,15,0
86,16,16,0
86,16,17,0
86,16,18,0
86,16,19,0
86,16,20,0
86,16,21,0
86,16,22,1
86,16,23,0
86,16,24,0
86,16,25,0
86,16,26,0
86,16,27,0
86,16,28,0
86,16,29,0
86,16,30,0
86,16,31,1
86,16,32,1
86,16,33,1
86,16,34,1
86,16,35,1
86,16,36,0
86,16,37,0
86,16,38,0
86,16,39,0
86,16,40,1
86,16,41,1
86,16,42,1
86,16,43,1
86,16,44,0
86,16,45,0
86,16,46,0
86,16,47,0
86,16,48,0
86,16,49,1
86,16,50,1
86,16,51,1
86,16,52,0
86,16,53,0
86,16,54,0
86,16,55,0
86,16,56,0
86,16,57,0
86,16,58,1
86,16,59,1
86,16,60,0
86,16,61,0
86,16,62,0
86,16,63,0
86,16,64,1
86,16,65,0
86,16,66,0
86,16,67,1
86,16,68,1
86,16,69,0
86,16,70,0
86,16,71,0
86,16,72,0
86,16,73,0
86,16,74,0
86,16,75,0
86,16,76,1
86,16,77,0
86,16,78,0
86,16,79,0
86,16,80,0
86,16,81,0
86,16,82,0
86,16,83,0
86,16,84,0
86,16,85,1
86,16,86,0
86,16,87,0
86,16,88,0
86,16,89,0
86,16,90,0
86,16,91,0
86,16,92,0
86,16,93,0
86,16,94,1
86,16,95,0
86,16,96,0
86,16,97,0
86,16,98,0
86,16,99,0
86,16,100,0
86,16,101,0
86,16,102,0
86,16,103,1
86,16,104,0
86,16,105,0
86,16,106,0
86,16,107,0
86,16,108,0
86,16,109,0
86,16,110,0
86,16,111,0
86,16,112,1
86,16,113,0
86,16,114,0
86,16,115,0
86,16,116,0
86,16,117,0
86,16,118,0
86,16,119,0
86,16,120,0
86,16,121,1
86,16,122,0
86,16,123,0
86,16,124,0
86,16,125,0
86,16,126,0
86,16,127,0
86,16,128,0
86,16,129,0
86,16,130,1
86,16,131,0
86,16,132,0
86,16,133,0
86,16,134,0
86,16,135,0
86,16,136,0
86,16,137,0
86,16,138,0
86,16,139,1
86,16,140,0
86,16,141,0
86,16,142,0
86,16,143,0
86,16,144,0
86,16,145,0
86,16,146,0
86,16,147,0
86,16,148,1
86,16,149,1
86,16,150,0
86,16,151,0
86,16,152,0
86,16,153,0
86,16,154,0
86,16,155,0
86,16,156,0
86,16,157,1
86,16,158,0
86,16,159,0
86,16,160,0
86,16,161,0
86,16,162,0
86,16,163,0
86,16,164,0
86,16,165,0
86,16,166,1
86,16,167,1
86,16,168,1
86,16,169,1
86,16,170,0
86,16,171,0
86,16,172,0
86,16,173,0
86,16,174,0
86,16,175,1
86,16,176,0
86,16,177,0
86,16,178,0
86,16,179,0
86,16,180,0
86,16,181,0
86,16,182,0
86,16,183,0
86,16,184,1
86,16,185,1
86,16,186,1
86,16,187,2
86,16,188,1
86,16,189,0
86,16,190,0
86,16,191,0
86,16,192,0
86,16,193,1
86,16,194,0
86,16,195,0
86,16,196,0
86,16,197,0
86,16,198,0
86,16,199,0
86,16,200,0
86,16,201,0
86,16,202,1
86,16,203,0
86,16,204,0
86,16,205,0
86,16,206,0
86,16,207,0
86,16,208,0
86,16,209,0
86,16,210,0
86,16,211,1
86,16,212,0
86,16,213,0
86,16,214,0
86,16,215,0
86,16,216,0
86,16,217,0
86,16,218,0
86,16,219,0
86,16,220,1
86,16,221,0
86,16,222,0
86,16,223,0
86,16,224,0
86,16,225,0
86,16,226,0
86,16,227,0
86,16,228,0
86,16,229,1
86,16,230,0
86,16,231,0
86,16,232,0
86,16,233,0
86,16,234,0
86,16,235,0
86,16,236,0
86,16,237,0
86,16,238,1
86,16,239,0
86,16,240,0
86,16,241,0
86,16,242,0
86,16,243,0
86,16,244,0
86,16,245,0
86,16,246,0
86,16,247,1
86,16,248,0
86,16,249,0
86,16,250,3
86,16,251,4
86,16,252,3
86,16,253,6
86,16,254,9
86,16,255,9
86,16,256,10
86,16,257,10
86,16,258,5
86,16,259,13
86,16,260,6
86,16,261,3
86,16,262,1
86,16,263,0
86,16,264,5
86,16,265,6
86,16,266,5
86,16,267,4
86,16,268,3
86,16,269,2
86,16,270,1
86,16,271,1
86,16,272,0
86,16,273,0
86,16,274,1
86,16,275,0
86,16,276,0
86,16,277,0
86,16,278,0
86,16,279,0
86,16,280,0
86,16,281,0
86,16,282,0
86,16,283,1
86,16,284,0
86,16,285,0
86,16,286,0
86,16,287,0
86,16,288,0
86,16,289,0
86,16,290,0
86,16,291,0
86,16,292,1
86,16,293,0
86,16,294,0
86,16,295,0
86,16,296,0
86,16,297,0
86,16,298,0
86,16,299,0
86,16,300,0
86,16,301,1
86,16,302,0
86,16,303,0
86,16,304,0
86,16,305,0
86,16,306,0
86,16,307,0
86,16,308,0
86,16,309,0
86,16,310,1
86,16,311,0
86,16,312,0
86,16,313,0
86,16,314,0
86,16,315,0
86,16,316,0
86,16,317,0
86,16,318,0
86,16,319,1
86,16,320,0
86,16,321,0
86,16,322,0
86,16,323,5
86,16,324,8
86,16,325,9
86,16,326,7
86,16,327,5
86,16,328,4
86,16,329,2
86,16,330,1
86,16,331,2
86,16,332,2
86,16,333,1
86,16,334,0
86,16,335,0
86,16,336,0
86,16,337,1
86,16,338,0
86,16,339,0
86,16,340,0
86,16,341,0
86,16,342,0
86,16,343,0
86,16,344,0
86,16,345,0
86,16,346,1
86,16,347,0
86,16,348,0
86,16,349,0
86,16,350,0
86,16,351,0
86,16,352,0
86,16,353,0
86,16,354,0
86,16,355,1
86,16,356,0
86,16,357,0
86,16,358,0
86,16,359,0
86,16,360,0
86,16,361,0
86,16,362,0
86,16,363,0
86,16,364,1
86,16,365,0
86,16,366,0
86,16,367,0
86,16,368,0
86,16,369,0
86,16,370,0
86,16,371,0
86,16,372,0
86,16,373,1
86,16,374,0
86,16,375,0
86,16,376,0
86,16,377,0
86,16,378,0
86,16,379,0
86,16,380,0
86,16,381,0
86,16,382,1
86,16,383,0
86,16,384,0
86,16,385,0
86,16,386,0
86,16,387,0
86,16,388,0
86,16,389,0
86,16,390,0
86,16,391,1
86,16,392,0
86,16,393,0
86,16,394,0
86,16,395,0
86,16,396,0
86,16,397,0
86,16,398,0
86,16,399,0
86,16,400,1
86,16,401,0
86,16,402,0
86,16,403,0
86,16,404,0
86,16,405,0
86,16,406,0
86,16,407,0
86,16,408,0
86,16,409,1
86,16,410,0
86,16,411,0
86,16,412,0
86,16,413,0
86,16,414,0
86,16,415,0
86,16,416,0
86,16,417,0
86,16,418,1
86,16,419,0
86,16,420,0
86,16,421,0
86,16,422,0
86,16,423,0
86,16,424,0
86,16,425,0
86,16,426,0
86,16,427,1
86,16,428,0
86,16,429,0
86,16,430,0
86,16,431,0
86,16,432,0
86,16,433,0
86,16,434,0
86,16,435,0
86,16,436,1
86,16,437,0
86,16,438,0
86,16,439,0
86,16,440,0
86,16,441,0
86,16,442,0
86,16,443,0
86,16,444,0
86,16,445,1
86,16,446,0
86,16,447,0
86,16,448,0
86,16,449,0
86,16,450,0
86,16,451,0
86,16,452,0
86,16,453,0
86,16,454,1
86,16,455,0
86,16,456,0
86,16,457,0
86,16,458,0
86,16,459,0
86,16,460,0
86,16,461,0
86,16,462,0
86,16,463,1
86,16,464,0
86,16,465,0
86,16,466,0
86,16,467,0
86,16,468,0
86,16,469,0
86,16,470,0
86,16,471,0
86,16,472,1
86,16,473,0
86,16,474,0
86,16,475,0
86,16,476,0
86,16,477,0
86,16,478,0
86,16,479,0
86,16,480,0
86,16,481,1
86,16,482,0
86,16,483,0
86,16,484,0
86,16,485,0
86,16,486,0
86,16,487,0
86,16,488,0
86,16,489,0
86,16,490,1
86,16,491,0
86,16,492,0
86,16,493,0
86,16,494,5
86,16,495,3
86,16,496,4
86,16,497,2
86,16,498,6
86,16,499,9
86,17,0,0
86,17,1,0
86,17,2,0
86,17,3,0
86,17,4,1
86,17,5,0
86,17,6,0
86,17,7,0
86,17,8,0
86,17,9,0
86,17,10,0
86,17,11,0
86,17,12,0
86,17,13,1
86,17,14,1
86,17,15,0
86,17,16,0
86,17,17,0
86,17,18,0
86,17,19,0
86,17,20,0
86,17,21,0
86,17,22,1
86,17,23,0
86,17,24,0
86,17,25,0
86,17,26,0
86,17,27,0
86,17,28,0
86,17,29,0
86,17,30,0
86,17,31,1
86,17,32,2
86,17,33,2
86,17,34,1
86,17,35,0
86,17,36,0
86,17,37,0
86,17,38,0
86,17,39,0
86,17,40,1
86,17,41,0
86,17,42,0
86,17,43,0
86,17,44,0
86,17,45,0
86,17,46,0
86,17,47,0
86,17,48,0
86,17,49,1
86,17,50,0
86,17,51,0
86,17,52,0
86,17,53,0
86,17,54,0
86,17,55,0
86,17,56,0
86,17,57,0
86,17,58,1
86,17,59,0
86,17,60,0
86,17,61,0
86,17,62,0
86,17,63,0
86,17,64,0
86,17,65,0
86,17,66,0
86,17,67,1
86,17,68,0
86,17,69,0
86,17,70,0
86,17,71,0
86,17,72,0
86,17,73,0
86,17,74,0
86,17,75,0
86,17,76,1
86,17,77,0
86,17,78,0
86,17,79,0
86,17,80,0
86,17,81,0
86,17,82,0
86,17,83,0
86,17,84,0
86,17,85,1
86,17,86,2
86,17,87,2
86,17,88,2
86,17,89,3
86,17,90,3
86,17,91,3
86,17,92,3
86,17,93,2
86,17,94,2
86,17,95,1
86,17,96,0
86,17,97,0
86,17,98,0
86,17,99,0
86,17,100,0
86,17,101,0
86,17,102,0
86,17,103,1
86,17,104,0
86,17,105,0
86,17,106,0
86,17,107,0
86,17,108,0
86,17,109,0
86,17,110,0
86,17,111,0
86,17,112,1
86,17,113,0
86,17,114,0
86,17,115,0
86,17,116,0
86,17,117,0
86,17,118,0
86,17,119,0
86,17,120,0
86,17,121,1
86,17,122,0
86,17,123,0
86,17,124,0
86,17,125,0
86,17,126,0
86,17,127,0
86,17,128,0
86,17,129,0
86,17,130,1
86,17,131,0
86,17,132,0
86,17,133,0
86,17,134,0
86,17,135,0
86,17,136,0
86,17,137,0
86,17,138,0
86,17,139,1
86,17,140,0
86,17,141,0
86,17,142,0
86,17,143,0
86,17,144,0
86,17,145,0
86,17,146,0
86,17,147,0
86,17,148,1
86,17,149,0
86,17,150,0
86,17,151,0
86,17,152,0
86,17,153,0
86,17,154,0
86,17,155,0
86,17,156,0
86,17,157,1
86,17,158,0
86,17,159,0
86,17,160,0
86,17,161,0
86,17,162,0
86,17,163,0
86,17,164,0
86,17,165,0
86,17,166,1
86,17,167,0
86,17,168,0
86,17,169,0
86,17,170,0
86,17,171,0
86,17,172,0
86,17,173,0
86,17,174,0
86,17,175,1
86,17,176,0
86,17,177,0
86,17,178,0
86,17,179,0
86,17,180,0
86,17,181,0
86,17,182,0
86,17,183,0
86,17,184,1
86,17,185,0
86,17,186,0
86,17,187,0
86,17,188,0
86,17,189,0
86,17,190,0
86,17,191,0
86,17,192,0
86,17,193,1
86,17,194,0
86,17,195,0
86,17,196,0
86,17,197,0
86,17,198,0
86,17,199,0
86,17,200,0
86,17,201,0
86,17,202,1
86,17,203,0
86,17,204,0
86,17,205,0
86,17,206,0
86,17,207,0
86,17,208,0
86,17,209,0
86,17,210,0
86,17,211,1
86,17,212,0
86,17,213,0
86,17,214,0
86,17,215,0
86,17,216,0
86,17,217,0
86,17,218,0
86,17,219,0
86,17,220,1
86,17,221,0
86,17,222,0
86,17,223,0
86,17,224,0
86,17,225,0
86,17,226,2
86,17,227,2
86,17,228,2
86,17,229,3
86,17,230,1
86,17,231,0
86,17,232,0
86,17,233,1
86,17,234,2
86,17,235,1
86,17,236,1
86,17,237,0
86,17,238,1
86,17,239,0
86,17,240,0
86,17,241,0
86,17,242,0
86,17,243,0
86,17,244,0
86,17,245,0
86,17,246,0
86,17,247,1
86,17,248,1
86,17,249,0
86,17,250,0
86,17,251,0
86,17,252,0
86,17,253,0
86,17,254,0
86,17,255,0
86,17,256,1
86,17,257,1
86,17,258,1
86,17,259,0
86,17,260,0
86,17,261,0
86,17,262,0
86,17,263,0
86,17,264,0
86,17,265,1
86,17,266,1
86,17,267,1
86,17,268,1
86,17,269,0
86,17,270,0
86,17,271,0
86,17,272,0
86,17,273,0
86,17,274,1
86,17,275,1
86,17,276,1
86,17,277,0
86,17,278,0
86,17,279,0
86,17,280,0
86,17,281,0
86,17,282,0
86,17,283,1
86,17,284,0
86,17,285,0
86,17,286,0
86,17,287,0
86,17,288,0
86,17,289,0
86,17,290,0
86,17,291,0
86,17,292,1
86,17,293,1
86,17,294,1
86,17,295,2
86,17,296,2
86,17,297,1
86,17,298,1
86,17,299,0
86,17,300,0
86,17,301,1
86,17,302,0
86,17,303,0
86,17,304,0
86,17,305,0
86,17,306,0
86,17,307,0
86,17,308,0
86,17,309,0
86,17,310,1
86,17,311,0
86,17,312,0
86,17,313,0
86,17,314,0
86,17,315,0
86,17,316,0
86,17,317,0
86,17,318,0
86,17,319,1
86,17,320,0
86,17,321,0
86,17,322,0
86,17,323,0
86,17,324,0
86,17,325,0
86,17,326,0
86,17,327,0
86,17,328,1
86,17,329,0
86,17,330,0
86,17,331,0
86,17,332,0
86,17,333,0
86,17,334,0
86,17,335,0
86,17,336,0
86,17,337,1
86,17,338,0
86,17,339,0
86,17,340,0
86,17,341,0
86,17,342,0
86,17,343,0
86,17,344,0
86,17,345,0
86,17,346,1
86,17,347,0
86,17,348,0
86,17,349,0
86,17,350,0
86,17,351,0
86,17,352,0
86,17,353,0
86,17,354,0
86,17,355,1
86,17,356,0
86,17,357,0
86,17,358,0
86,17,359,0
86,17,360,0
86,17,361,0
86,17,362,0
86,17,363,0
86,17,364,1
86,17,365,0
86,17,366,0
86,17,367,0
86,17,368,0
86,17,369,0
86,17,370,0
86,17,371,0
86,17,372,0
86,17,373,1
86,17,374,0
86,17,375,0
86,17,376,0
86,17,377,0
86,17,378,0
86,17,379,0
86,17,380,0
86,17,381,0
86,17,382,1
86,17,383,0
86,17,384,0
86,17,385,0
86,17,386,0
86,17,387,0
86,17,388,0
86,17,389,0
86,17,390,0
86,17,391,1
86,17,392,0
86,17,393,1
86,17,394,1
86,17,395,0
86,17,396,0
86,17,397,0
86,17,398,0
86,17,399,0
86,17,400,1
86,17,401,0
86,17,402,0
86,17,403,0
86,17,404,0
86,17,405,0
86,17,406,0
86,17,407,0
86,17,408,0
86,17,409,1
86,17,410,0
86,17,411,0
86,17,412,0
86,17,413,0
86,17,414,0
86,17,415,0
86,17,416,0
86,17,417,0
86,17,418,1
86,17,419,0
86,17,420,0
86,17,421,0
86,17,422,0
86,17,423,0
86,17,424,0
86,17,425,0
86,17,426,0
86,17,427,1
86,17,428,0
86,17,429,0
86,17,430,0
86,17,431,0
86,17,432,0
86,17,433,0
86,17,434,0
86,17,435,0
86,17,436,1
86,17,437,0
86,17,438,0
86,17,439,0
86,17,440,0
86,17,441,0
86,17,442,0
86,17,443,0
86,17,444,0
86,17,445,1
86,17,446,0
86,17,447,1
86,17,448,0
86,17,449,0
86,17,450,0
86,17,451,0
86,17,452,0
86,17,453,0
86,17,454,1
86,17,455,1
86,17,456,0
86,17,457,0
86,17,458,0
86,17,459,0
86,17,460,0
86,17,461,0
86,17,462,0
86,17,463,1
86,17,464,1
86,17,465,2
86,17,466,1
86,17,467,0
86,17,468,0
86,17,469,0
86,17,470,0
86,17,471,0
86,17,472,1
86,17,473,1
86,17,474,2
86,17,475,1
86,17,476,0
86,17,477,0
86,17,478,0
86,17,479,0
86,17,480,0
86,17,481,1
86,17,482,1
86,17,483,0
86,17,484,0
86,17,485,0
86,17,486,0
86,17,487,0
86,17,488,0
86,17,489,0
86,17,490,1
86,17,491,0
86,17,492,0
86,17,493,0
86,17,494,0
86,17,495,0
86,17,496,0
86,17,497,0
86,17,498,0
86,17,499,1
86,18,0,0
86,18,1,0
86,18,2,0
86,18,3,0
86,18,4,1
86,18,5,0
86,18,6,0
86,18,7,0
86,18,8,0
86,18,9,0
86,18,10,0
86,18,11,0
86,18,12,0
86,18,13,1
86,18,14,0
86,18,15,0
86,18,16,0
86,18,17,0
86,18,18,0
86,18,19,0
86,18,20,0
86,18,21,0
86,18,22,1
86,18,23,0
86,18,24,0
86,18,25,0
86,18,26,0
86,18,27,0
86,18,28,0
86,18,29,0
86,18,30,0
86,18,31,1
86,18,32,0
86,18,33,0
86,18,34,0
86,18,35,0
86,18,36,0
86,18,37,0
86,18,38,0
86,18,39,0
86,18,40,1
86,18,41,0
86,18,42,0
86,18,43,0
86,18,44,0
86,18,45,0
86,18,46,0
86,18,47,0
86,18,48,0
86,18,49,1
86,18,50,0
86,18,51,0
86,18,52,0
86,18,53,0
86,18,54,0
86,18,55,0
86,18,56,0
86,18,57,0
86,18,58,1
86,18,59,0
86,18,60,0
86,18,61,0
86,18,62,0
86,18,63,0
86,18,64,0
86,18,65,0
86,18,66,0
86,18,67,1
86,18,68,0
86,18,69,0
86,18,70,0
86,18,71,0
86,18,72,0
86,18,73,0
86,18,74,0
86,18,75,0
86,18,76,2
86,18,77,1
86,18,78,0
86,18,79,0
86,18,80,0
86,18,81,0
86,18,82,0
86,18,83,0
86,18,84,0
86,18,85,1
86,18,86,0
86,18,87,0
86,18,88,0
86,18,89,0
86,18,90,0
86,18,91,0
86,18,92,0
86,18,93,0
86,18,94,1
86,18,95,0
86,18,96,0
86,18,97,0
86,18,98,0
86,18,99,0
86,18,100,0
86,18,101,0
86,18,102,0
86,18,103,1
86,18,104,0
86,18,105,0
86,18,106,0
86,18,107,0
86,18,108,0
86,18,109,0
86,18,110,0
86,18,111,0
86,18,112,1
86,18,113,0
86,18,114,0
86,18,115,0
86,18,116,0
86,18,117,0
86,18,118,0
86,18,119,0
86,18,120,0
86,18,121,1
86,18,122,0
86,18,123,0
86,18,124,0
86,18,125,0
86,18,126,0
86,18,127,0
86,18,128,0
86,18,129,0
86,18,130,1
86,18,131,0
86,18,132,0
86,18,133,0
86,18,134,0
86,18,135,0
86,18,136,0
86,18,137,0
86,18,138,0
86,18,139,1
86,18,140,0
86,18,141,0
86,18,142,0
86,18,143,0
86,18,144,0
86,18,145,0
86,18,146,0
86,18,147,0
86,18,148,1
86,18,149,0
86,18,150,0
86,18,151,0
86,18,152,0
86,18,153,0
86,18,154,0
86,18,155,0
86,18,156,0
86,18,157,1
86,18,158,0
86,18,159,0
86,18,160,0
86,18,161,0
86,18,162,0
86,18,163,0
86,18,164,0
86,18,165,0
86,18,166,1
86,18,167,0
86,18,168,0
86,18,169,0
86,18,170,0
86,18,171,0
86,18,172,0
86,18,173,0
86,18,174,0
86,18,175,1
86,18,176,0
86,18,177,0
86,18,178,0
86,18,179,0
86,18,180,0
86,18,181,0
86,18,182,0
86,18,183,0
86,18,184,1
86,18,185,0
86,18,186,0
86,18,187,0
86,18,188,0
86,18,189,0
86,18,190,0
86,18,191,0
86,18,192,0
86,18,193,1
86,18,194,0
86,18,195,0
86,18,196,0
86,18,197,0
86,18,198,0
86,18,199,0
86,18,200,0
86,18,201,0
86,18,202,1
86,18,203,0
86,18,204,0
86,18,205,0
86,18,206,0
86,18,207,0
86,18,208,0
86,18,209,0
86,18,210,0
86,18,211,1
86,18,212,1
86,18,213,1
86,18,214,1
86,18,215,0
86,18,216,0
86,18,217,0
86,18,218,0
86,18,219,1
86,18,220,1
86,18,221,0
86,18,222,0
86,18,223,0
86,18,224,0
86,18,225,0
86,18,226,0
86,18,227,0
86,18,228,0
86,18,229,1
86,18,230,1
86,18,231,0
86,18,232,0
86,18,233,0
86,18,234,0
86,18,235,0
86,18,236,0
86,18,237,0
86,18,238,1
86,18,239,0
86,18,240,0
86,18,241,0
86,18,242,0
86,18,243,0
86,18,244,0
86,18,245,0
86,18,246,0
86,18,247,1
86,18,248,0
86,18,249,0
86,18,250,0
86,18,251,0
86,18,252,0
86,18,253,0
86,18,254,0
86,18,255,0
86,18,256,1
86,18,257,1
86,18,258,0
86,18,259,0
86,18,260,0
86,18,261,0
86,18,262,0
86,18,263,0
86,18,264,0
86,18,265,1
86,18,266,0
86,18,267,0
86,18,268,0
86,18,269,0
86,18,270,0
86,18,271,0
86,18,272,0
86,18,273,0
86,18,274,1
86,18,275,0
86,18,276,0
86,18,277,0
86,18,278,0
86,18,279,0
86,18,280,0
86,18,281,0
86,18,282,0
86,18,283,1
86,18,284,0
86,18,285,0
86,18,286,0
86,18,287,0
86,18,288,0
86,18,289,0
86,18,290,0
86,18,291,0
86,18,292,1
86,18,293,0
86,18,294,0
86,18,295,0
86,18,296,0
86,18,297,0
86,18,298,0
86,18,299,0
86,18,300,0
86,18,301,1
86,18,302,0
86,18,303,0
86,18,304,0
86,18,305,0
86,18,306,0
86,18,307,0
86,18,308,0
86,18,309,0
86,18,310,1
86,18,311,0
86,18,312,0
86,18,313,0
86,18,314,0
86,18,315,0
86,18,316,0
86,18,317,0
86,18,318,0
86,18,319,1
86,18,320,0
86,18,321,0
86,18,322,0
86,18,323,0
86,18,324,0
86,18,325,0
86,18,326,0
86,18,327,0
86,18,328,1
86,18,329,0
86,18,330,0
86,18,331,0
86,18,332,0
86,18,333,0
86,18,334,0
86,18,335,0
86,18,336,0
86,18,337,1
86,18,338,0
86,18,339,0
86,18,340,0
86,18,341,0
86,18,342,0
86,18,343,0
86,18,344,0
86,18,345,0
86,18,346,1
86,18,347,0
86,18,348,0
86,18,349,0
86,18,350,0
86,18,351,0
86,18,352,0
86,18,353,0
86,18,354,0
86,18,355,1
86,18,356,0
86,18,357,0
86,18,358,0
86,18,359,0
86,18,360,0
86,18,361,0
86,18,362,0
86,18,363,0
86,18,364,1
86,18,365,0
86,18,366,0
86,18,367,0
86,18,368,0
86,18,369,0
86,18,370,0
86,18,371,0
86,18,372,0
86,18,373,1
86,18,374,0
86,18,375,0
86,18,376,0
86,18,377,0
86,18,378,0
86,18,379,0
86,18,380,0
86,18,381,0
86,18,382,1
86,18,383,0
86,18,384,0
86,18,385,0
86,18,386,0
86,18,387,0
86,18,388,0
86,18,389,0
86,18,390,0
86,18,391,1
86,18,392,0
86,18,393,0
86,18,394,0
86,18,395,0
86,18,396,0
86,18,397,0
86,18,398,0
86,18,399,0
86,18,400,3
86,18,401,1
86,18,402,2
86,18,403,1
86,18,404,0
86,18,405,0
86,18,406,0
86,18,407,0
86,18,408,0
86,18,409,3
86,18,410,1
86,18,411,2
86,18,412,1
86,18,413,0
86,18,414,0
86,18,415,0
86,18,416,0
86,18,417,0
86,18,418,2
86,18,419,2
86,18,420,2
86,18,421,1
86,18,422,0
86,18,423,0
86,18,424,0
86,18,425,0
86,18,426,0
86,18,427,1
86,18,428,1
86,18,429,1
86,18,430,1
86,18,431,0
86,18,432,0
86,18,433,0
86,18,434,0
86,18,435,0
86,18,436,2
86,18,437,2
86,18,438,2
86,18,439,1
86,18,440,1
86,18,441,0
86,18,442,0
86,18,443,0
86,18,444,0
86,18,445,2
86,18,446,1
86,18,447,1
86,18,448,0
86,18,449,0
86,18,450,0
86,18,451,0
86,18,452,0
86,18,453,0
86,18,454,1
86,18,455,0
86,18,456,0
86,18,457,0
86,18,458,0
86,18,459,0
86,18,460,0
86,18,461,0
86,18,462,0
86,18,463,1
86,18,464,0
86,18,465,0
86,18,466,0
86,18,467,0
86,18,468,0
86,18,469,0
86,18,470,0
86,18,471,0
86,18,472,1
86,18,473,0
86,18,474,0
86,18,475,0
86,18,476,0
86,18,477,0
86,18,478,0
86,18,479,0
86,18,480,0
86,18,481,1
86,18,482,6
86,18,483,3
86,18,484,1
86,18,485,0
86,18,486,0
86,18,487,0
86,18,488,0
86,18,489,0
86,18,490,1
86,18,491,0
86,18,492,0
86,18,493,0
86,18,494,0
86,18,495,0
86,18,496,0
86,18,497,0
86,18,498,0
86,18,499,1
86,19,0,0
86,19,1,0
86,19,2,0
86,19,3,0
86,19,4,1
86,19,5,0
86,19,6,0
86,19,7,0
86,19,8,0
86,19,9,0
86,19,10,0
86,19,11,0
86,19,12,0
86,19,13,1
86,19,14,1
86,19,15,12
86,19,16,13
86,19,17,13
86,19,18,13
86,19,19,13
86,19,20,13
86,19,21,6
86,19,22,4
86,19,23,2
86,19,24,1
86,19,25,0
86,19,26,0
86,19,27,0
86,19,28,0
86,19,29,0
86,19,30,0
86,19,31,1
86,19,32,0
86,19,33,0
86,19,34,0
86,19,35,0
86,19,36,0
86,19,37,0
86,19,38,0
86,19,39,0
86,19,40,1
86,19,41,1
86,19,42,1
86,19,43,4
86,19,44,5
86,19,45,5
86,19,46,5
86,19,47,5
86,19,48,2
86,19,49,2
86,19,50,1
86,19,51,1
86,19,52,1
86,19,53,0
86,19,54,0
86,19,55,0
86,19,56,0
86,19,57,0
86,19,58,2
86,19,59,4
86,19,60,7
86,19,61,8
86,19,62,8
86,19,63,8
86,19,64,8
86,19,65,8
86,19,66,4
86,19,67,3
86,19,68,2
86,19,69,2
86,19,70,1
86,19,71,0
86,19,72,0
86,19,73,0
86,19,74,0
86,19,75,0
86,19,76,1
86,19,77,0
86,19,78,0
86,19,79,0
86,19,80,0
86,19,81,1
86,19,82,1
86,19,83,1
86,19,84,2
86,19,85,3
86,19,86,2
86,19,87,2
86,19,88,1
86,19,89,1
86,19,90,1
86,19,91,0
86,19,92,0
86,19,93,0
86,19,94,1
86,19,95,1
86,19,96,1
86,19,97,1
86,19,98,1
86,19,99,0
86,19,100,0
86,19,101,0
86,19,102,0
86,19,103,1
86,19,104,1
86,19,105,1
86,19,106,1
86,19,107,1
86,19,108,0
86,19,109,0
86,19,110,0
86,19,111,0
86,19,112,3
86,19,113,7
86,19,114,10
86,19,115,11
86,19,116,12
86,19,117,12
86,19,118,13
86,19,119,13
86,19,120,14
86,19,121,17
86,19,122,21
86,19,123,23
86,19,124,24
86,19,125,24
86,19,126,24
86,19,127,24
86,19,128,24
86,19,129,15
86,19,130,9
86,19,131,4
86,19,132,3
86,19,133,1
86,19,134,0
86,19,135,0
86,19,136,0
86,19,137,0
86,19,138,0
86,19,139,1
86,19,140,0
86,19,141,0
86,19,142,0
86,19,143,0
86,19,144,0
86,19,145,0
86,19,146,0
86,19,147,0
86,19,148,1
86,19,149,1
86,19,150,0
86,19,151,0
86,19,152,0
86,19,153,0
86,19,154,0
86,19,155,0
86,19,156,0
86,19,157,1
86,19,158,0
86,19,159,0
86,19,160,0
86,19,161,0
86,19,162,0
86,19,163,0
86,19,164,0
86,19,165,0
86,19,166,1
86,19,167,0
86,19,168,0
86,19,169,0
86,19,170,0
86,19,171,0
86,19,172,0
86,19,173,0
86,19,174,0
86,19,175,1
86,19,176,0
86,19,177,0
86,19,178,0
86,19,179,0
86,19,180,0
86,19,181,1
86,19,182,2
86,19,183,3
86,19,184,4
86,19,185,4
86,19,186,4
86,19,187,4
86,19,188,4
86,19,189,4
86,19,190,5
86,19,191,11
86,19,192,16
86,19,193,21
86,19,194,16
86,19,195,11
86,19,196,5
86,19,197,2
86,19,198,1
86,19,199,0
86,19,200,0
86,19,201,0
86,19,202,1
86,19,203,0
86,19,204,0
86,19,205,0
86,19,206,0
86,19,207,0
86,19,208,0
86,19,209,0
86,19,210,0
86,19,211,1
86,19,212,0
86,19,213,0
86,19,214,0
86,19,215,0
86,19,216,0
86,19,217,0
86,19,218,0
86,19,219,0
86,19,220,1
86,19,221,0
86,19,222,0
86,19,223,0
86,19,224,0
86,19,225,0
86,19,226,0
86,19,227,0
86,19,228,0
86,19,229,1
86,19,230,0
86,19,231,0
86,19,232,0
86,19,233,0
86,19,234,0
86,19,235,0
86,19,236,0
86,19,237,0
86,19,238,1
86,19,239,0
86,19,240,0
86,19,241,0
86,19,242,0
86,19,243,0
86,19,244,0
86,19,245,0
86,19,246,0
86,19,247,1
86,19,248,0
86,19,249,0
86,19,250,0
86,19,251,0
86,19,252,0
86,19,253,0
86,19,254,0
86,19,255,0
86,19,256,1
86,19,257,0
86,19,258,0
86,19,259,0
86,19,260,0
86,19,261,0
86,19,262,0
86,19,263,0
86,19,264,0
86,19,265,1
86,19,266,0
86,19,267,0
86,19,268,0
86,19,269,0
86,19,270,0
86,19,271,0
86,19,272,0
86,19,273,0
86,19,274,1
86,19,275,0
86,19,276,0
86,19,277,0
86,19,278,0
86,19,279,0
86,19,280,0
86,19,281,0
86,19,282,0
86,19,283,1
86,19,284,0
86,19,285,0
86,19,286,0
86,19,287,0
86,19,288,0
86,19,289,0
86,19,290,0
86,19,291,0
86,19,292,1
86,19,293,3
86,19,294,3
86,19,295,3
86,19,296,4
86,19,297,4
86,19,298,5
86,19,299,5
86,19,300,2
86,19,301,2
86,19,302,2
86,19,303,2
86,19,304,14
86,19,305,25
86,19,306,31
86,19,307,35
86,19,308,37
86,19,309,28
86,19,310,31
86,19,311,39
86,19,312,33
86,19,313,35
86,19,314,31
86,19,315,34
86,19,316,30
86,19,317,23
86,19,318,21
86,19,319,20
86,19,320,22
86,19,321,26
86,19,322,16
86,19,323,8
86,19,324,8
86,19,325,4
86,19,326,4
86,19,327,4
86,19,328,6
86,19,329,6
86,19,330,7
86,19,331,8
86,19,332,8
86,19,333,8
86,19,334,8
86,19,335,8
86,19,336,8
86,19,337,10
86,19,338,10
86,19,339,12
86,19,340,6
86,19,341,3
86,19,342,1
86,19,343,0
86,19,344,0
86,19,345,0
86,19,346,1
86,19,347,0
86,19,348,0
86,19,349,6
86,19,350,3
86,19,351,2
86,19,352,1
86,19,353,0
86,19,354,0
86,19,355,1
86,19,356,0
86,19,357,0
86,19,358,0
86,19,359,0
86,19,360,0
86,19,361,0
86,19,362,0
86,19,363,0
86,19,364,1
86,19,365,0
86,19,366,0
86,19,367,0
86,19,368,0
86,19,369,0
86,19,370,0
86,19,371,0
86,19,372,0
86,19,373,1
86,19,374,0
86,19,375,5
86,19,376,7
86,19,377,6
86,19,378,4
86,19,379,3
86,19,380,2
86,19,381,1
86,19,382,1
86,19,383,1
86,19,384,2
86,19,385,4
86,19,386,5
86,19,387,5
86,19,388,10
86,19,389,9
86,19,390,9
86,19,391,20
86,19,392,32
86,19,393,30
86,19,394,26
86,19,395,25
86,19,396,35
86,19,397,44
86,19,398,48
86,19,399,40
86,19,400,44
86,19,401,44
86,19,402,40
86,19,403,46
86,19,404,46
86,19,405,40
86,19,406,44
86,19,407,34
86,19,408,32
86,19,409,23
86,19,410,13
86,19,411,6
86,19,412,3
86,19,413,1
86,19,414,0
86,19,415,0
86,19,416,0
86,19,417,0
86,19,418,1
86,19,419,0
86,19,420,0
86,19,421,0
86,19,422,0
86,19,423,0
86,19,424,0
86,19,425,0
86,19,426,0
86,19,427,6
86,19,428,6
86,19,429,3
86,19,430,1
86,19,431,0
86,19,432,0
86,19,433,0
86,19,434,0
86,19,435,0
86,19,436,1
86,19,437,0
86,19,438,0
86,19,439,0
86,19,440,3
86,19,441,4
86,19,442,5
86,19,443,5
86,19,444,5
86,19,445,8
86,19,446,9
86,19,447,5
86,19,448,3
86,19,449,1
86,19,450,0
86,19,451,0
86,19,452,0
86,19,453,0
86,19,454,1
86,19,455,13
86,19,456,26
86,19,457,32
86,19,458,36
86,19,459,37
86,19,460,38
86,19,461,28
86,19,462,18
86,19,463,10
86,19,464,5
86,19,465,2
86,19,466,1
86,19,467,0
86,19,468,0
86,19,469,0
86,19,470,0
86,19,471,0
86,19,472,1
86,19,473,0
86,19,474,0
86,19,475,0
86,19,476,0
86,19,477,0
86,19,478,0
86,19,479,0
86,19,480,0
86,19,481,1
86,19,482,0
86,19,483,0
86,19,484,0
86,19,485,0
86,19,486,0
86,19,487,0
86,19,488,0
86,19,489,0
86,19,490,1
86,19,491,0
86,19,492,0
86,19,493,0
86,19,494,0
86,19,495,0
86,19,496,0
86,19,497,0
86,19,498,0
86,19,499,1
86,20,0,0
86,20,1,0
86,20,2,0
86,20,3,0
86,20,4,1
86,20,5,0
86,20,6,0
86,20,7,0
86,20,8,0
86,20,9,0
86,20,10,0
86,20,11,0
86,20,12,0
86,20,13,1
86,20,14,11
86,20,15,18
86,20,16,18
86,20,17,9
86,20,18,9
86,20,19,14
86,20,20,16
86,20,21,17
86,20,22,20
86,20,23,21
86,20,24,21
86,20,25,11
86,20,26,5
86,20,27,2
86,20,28,1
86,20,29,0
86,20,30,0
86,20,31,1
86,20,32,0
86,20,33,0
86,20,34,0
86,20,35,0
86,20,36,0
86,20,37,0
86,20,38,0
86,20,39,0
86,20,40,1
86,20,41,1
86,20,42,0
86,20,43,0
86,20,44,0
86,20,45,0
86,20,46,0
86,20,47,0
86,20,48,0
86,20,49,1
86,20,50,1
86,20,51,0
86,20,52,0
86,20,53,0
86,20,54,0
86,20,55,0
86,20,56,0
86,20,57,0
86,20,58,1
86,20,59,1
86,20,60,0
86,20,61,0
86,20,62,0
86,20,63,0
86,20,64,0
86,20,65,0
86,20,66,0
86,20,67,2
86,20,68,4
86,20,69,4
86,20,70,4
86,20,71,5
86,20,72,2
86,20,73,1
86,20,74,0
86,20,75,0
86,20,76,2
86,20,77,5
86,20,78,5
86,20,79,6
86,20,80,6
86,20,81,6
86,20,82,6
86,20,83,6
86,20,84,6
86,20,85,9
86,20,86,13
86,20,87,6
86,20,88,3
86,20,89,1
86,20,90,0
86,20,91,0
86,20,92,0
86,20,93,0
86,20,94,1
86,20,95,0
86,20,96,0
86,20,97,0
86,20,98,0
86,20,99,0
86,20,100,0
86,20,101,0
86,20,102,11
86,20,103,15
86,20,104,9
86,20,105,4
86,20,106,2
86,20,107,1
86,20,108,0
86,20,109,0
86,20,110,0
86,20,111,0
86,20,112,1
86,20,113,0
86,20,114,2
86,20,115,7
86,20,116,8
86,20,117,5
86,20,118,2
86,20,119,1
86,20,120,0
86,20,121,1
86,20,122,1
86,20,123,1
86,20,124,1
86,20,125,1
86,20,126,0
86,20,127,0
86,20,128,0
86,20,129,2
86,20,130,4
86,20,131,4
86,20,132,5
86,20,133,5
86,20,134,6
86,20,135,6
86,20,136,6
86,20,137,6
86,20,138,8
86,20,139,11
86,20,140,11
86,20,141,6
86,20,142,3
86,20,143,2
86,20,144,1
86,20,145,1
86,20,146,1
86,20,147,3
86,20,148,6
86,20,149,3
86,20,150,1
86,20,151,1
86,20,152,1
86,20,153,1
86,20,154,1
86,20,155,1
86,20,156,3
86,20,157,6
86,20,158,7
86,20,159,7
86,20,160,7
86,20,161,7
86,20,162,7
86,20,163,7
86,20,164,7
86,20,165,4
86,20,166,3
86,20,167,3
86,20,168,3
86,20,169,3
86,20,170,3
86,20,171,3
86,20,172,3
86,20,173,3
86,20,174,3
86,20,175,6
86,20,176,6
86,20,177,6
86,20,178,6
86,20,179,6
86,20,180,6
86,20,181,6
86,20,182,6
86,20,183,8
86,20,184,10
86,20,185,10
86,20,186,10
86,20,187,5
86,20,188,2
86,20,189,1
86,20,190,0
86,20,191,0
86,20,192,0
86,20,193,1
86,20,194,0
86,20,195,0
86,20,196,0
86,20,197,0
86,20,198,0
86,20,199,0
86,20,200,0
86,20,201,0
86,20,202,1
86,20,203,0
86,20,204,0
86,20,205,0
86,20,206,0
86,20,207,0
86,20,208,0
86,20,209,0
86,20,210,0
86,20,211,1
86,20,212,0
86,20,213,0
86,20,214,0
86,20,215,0
86,20,216,0
86,20,217,0
86,20,218,0
86,20,219,0
86,20,220,1
86,20,221,1
86,20,222,1
86,20,223,18
86,20,224,31
86,20,225,43
86,20,226,40
86,20,227,44
86,20,228,44
86,20,229,41
86,20,230,48
86,20,231,48
86,20,232,40
86,20,233,31
86,20,234,21
86,20,235,21
86,20,236,21
86,20,237,21
86,20,238,24
86,20,239,24
86,20,240,24
86,20,241,14
86,20,242,7
86,20,243,3
86,20,244,1
86,20,245,0
86,20,246,0
86,20,247,1
86,20,248,0
86,20,249,0
86,20,250,0
86,20,251,0
86,20,252,1
86,20,253,5
86,20,254,2
86,20,255,1
86,20,256,1
86,20,257,0
86,20,258,4
86,20,259,4
86,20,260,3
86,20,261,2
86,20,262,1
86,20,263,0
86,20,264,0
86,20,265,1
86,20,266,1
86,20,267,0
86,20,268,0
86,20,269,0
86,20,270,0
86,20,271,0
86,20,272,1
86,20,273,0
86,20,274,1
86,20,275,0
86,20,276,0
86,20,277,0
86,20,278,0
86,20,279,0
86,20,280,0
86,20,281,0
86,20,282,0
86,20,283,1
86,20,284,0
86,20,285,0
86,20,286,0
86,20,287,0
86,20,288,0
86,20,289,0
86,20,290,0
86,20,291,0
86,20,292,1
86,20,293,0
86,20,294,0
86,20,295,0
86,20,296,1
86,20,297,0
86,20,298,0
86,20,299,0
86,20,300,0
86,20,301,1
86,20,302,0
86,20,303,0
86,20,304,0
86,20,305,0
86,20,306,0
86,20,307,0
86,20,308,0
86,20,309,0
86,20,310,1
86,20,311,0
86,20,312,0
86,20,313,0
86,20,314,0
86,20,315,0
86,20,316,0
86,20,317,0
86,20,318,0
86,20,319,1
86,20,320,0
86,20,321,0
86,20,322,0
86,20,323,0
86,20,324,0
86,20,325,0
86,20,326,0
86,20,327,0
86,20,328,1
86,20,329,0
86,20,330,0
86,20,331,0
86,20,332,0
86,20,333,0
86,20,334,0
86,20,335,0
86,20,336,0
86,20,337,1
86,20,338,1
86,20,339,0
86,20,340,0
86,20,341,0
86,20,342,0
86,20,343,0
86,20,344,0
86,20,345,0
86,20,346,1
86,20,347,0
86,20,348,0
86,20,349,0
86,20,350,5
86,20,351,2
86,20,352,2
86,20,353,1
86,20,354,1
86,20,355,2
86,20,356,1
86,20,357,0
86,20,358,0
86,20,359,0
86,20,360,0
86,20,361,0
86,20,362,0
86,20,363,0
86,20,364,1
86,20,365,0
86,20,366,0
86,20,367,0
86,20,368,0
86,20,369,0
86,20,370,0
86,20,371,0
86,20,372,0
86,20,373,1
86,20,374,0
86,20,375,0
86,20,376,0
86,20,377,0
86,20,378,0
86,20,379,0
86,20,380,0
86,20,381,0
86,20,382,1
86,20,383,0
86,20,384,0
86,20,385,0
86,20,386,0
86,20,387,0
86,20,388,0
86,20,389,0
86,20,390,0
86,20,391,1
86,20,392,1
86,20,393,1
86,20,394,0
86,20,395,1
86,20,396,0
86,20,397,0
86,20,398,0
86,20,399,0
86,20,400,1
86,20,401,0
86,20,402,0
86,20,403,0
86,20,404,0
86,20,405,0
86,20,406,0
86,20,407,0
86,20,408,0
86,20,409,1
86,20,410,0
86,20,411,0
86,20,412,5
86,20,413,3
86,20,414,1
86,20,415,5
86,20,416,2
86,20,417,7
86,20,418,4
86,20,419,2
86,20,420,1
86,20,421,0
86,20,422,0
86,20,423,0
86,20,424,0
86,20,425,0
86,20,426,0
86,20,427,1
86,20,428,0
86,20,429,0
86,20,430,0
86,20,431,0
86,20,432,0
86,20,433,0
86,20,434,0
86,20,435,0
86,20,436,1
86,20,437,0
86,20,438,0
86,20,439,0
86,20,440,0
86,20,441,0
86,20,442,0
86,20,443,0
86,20,444,0
86,20,445,1
86,20,446,1
86,20,447,0
86,20,448,0
86,20,449,0
86,20,450,0
86,20,451,0
86,20,452,0
86,20,453,0
86,20,454,1
86,20,455,0
86,20,456,0
86,20,457,0
86,20,458,0
86,20,459,0
86,20,460,0
86,20,461,0
86,20,462,0
86,20,463,1
86,20,464,0
86,20,465,0
86,20,466,0
86,20,467,0
86,20,468,0
86,20,469,0
86,20,470,0
86,20,471,0
86,20,472,1
86,20,473,0
86,20,474,0
86,20,475,0
86,20,476,0
86,20,477,0
86,20,478,0
86,20,479,0
86,20,480,0
86,20,481,1
86,20,482,0
86,20,483,0
86,20,484,0
86,20,485,0
86,20,486,0
86,20,487,0
86,20,488,0
86,20,489,0
86,20,490,1
86,20,491,0
86,20,492,0
86,20,493,0
86,20,494,0
86,20,495,0
86,20,496,0
86,20,497,0
86,20,498,0
86,20,499,1
86,21,0,0
86,21,1,0
86,21,2,0
86,21,3,0
86,21,4,1
86,21,5,0
86,21,6,0
86,21,7,0
86,21,8,0
86,21,9,0
86,21,10,0
86,21,11,0
86,21,12,0
86,21,13,1
86,21,14,0
86,21,15,0
86,21,16,0
86,21,17,0
86,21,18,0
86,21,19,0
86,21,20,0
86,21,21,0
86,21,22,1
86,21,23,0
86,21,24,0
86,21,25,0
86,21,26,0
86,21,27,0
86,21,28,0
86,21,29,0
86,21,30,0
86,21,31,1
86,21,32,0
86,21,33,0
86,21,34,0
86,21,35,0
86,21,36,0
86,21,37,0
86,21,38,0
86,21,39,0
86,21,40,1
86,21,41,0
86,21,42,0
86,21,43,0
86,21,44,0
86,21,45,0
86,21,46,0
86,21,47,0
86,21,48,0
86,21,49,1
86,21,50,0
86,21,51,0
86,21,52,0
86,21,53,0
86,21,54,0
86,21,55,0
86,21,56,0
86,21,57,0
86,21,58,1
86,21,59,1
86,21,60,1
86,21,61,1
86,21,62,0
86,21,63,0
86,21,64,0
86,21,65,0
86,21,66,0
86,21,67,1
86,21,68,0
86,21,69,0
86,21,70,0
86,21,71,0
86,21,72,0
86,21,73,0
86,21,74,0
86,21,75,0
86,21,76,1
86,21,77,0
86,21,78,0
86,21,79,0
86,21,80,0
86,21,81,0
86,21,82,0
86,21,83,0
86,21,84,0
86,21,85,1
86,21,86,0
86,21,87,0
86,21,88,0
86,21,89,0
86,21,90,0
86,21,91,0
86,21,92,0
86,21,93,0
86,21,94,1
86,21,95,0
86,21,96,0
86,21,97,0
86,21,98,0
86,21,99,0
86,21,100,0
86,21,101,0
86,21,102,0
86,21,103,1
86,21,104,0
86,21,105,0
86,21,106,0
86,21,107,0
86,21,108,0
86,21,109,0
86,21,110,0
86,21,111,0
86,21,112,1
86,21,113,0
86,21,114,0
86,21,115,0
86,21,116,0
86,21,117,0
86,21,118,0
86,21,119,0
86,21,120,0
86,21,121,1
86,21,122,0
86,21,123,0
86,21,124,0
86,21,125,0
86,21,126,0
86,21,127,0
86,21,128,0
86,21,129,0
86,21,130,1
86,21,131,0
86,21,132,0
86,21,133,0
86,21,134,0
86,21,135,0
86,21,136,0
86,21,137,0
86,21,138,0
86,21,139,1
86,21,140,0
86,21,141,0
86,21,142,0
86,21,143,0
86,21,144,0
86,21,145,0
86,21,146,0
86,21,147,0
86,21,148,1
86,21,149,0
86,21,150,0
86,21,151,0
86,21,152,0
86,21,153,0
86,21,154,0
86,21,155,0
86,21,156,0
86,21,157,1
86,21,158,0
86,21,159,0
86,21,160,0
86,21,161,0
86,21,162,0
86,21,163,0
86,21,164,0
86,21,165,0
86,21,166,1
86,21,167,0
86,21,168,0
86,21,169,0
86,21,170,0
86,21,171,0
86,21,172,0
86,21,173,0
86,21,174,0
86,21,175,1
86,21,176,0
86,21,177,0
86,21,178,0
86,21,179,0
86,21,180,5
86,21,181,2
86,21,182,5
86,21,183,2
86,21,184,2
86,21,185,1
86,21,186,0
86,21,187,0
86,21,188,0
86,21,189,0
86,21,190,0
86,21,191,0
86,21,192,0
86,21,193,1
86,21,194,4
86,21,195,4
86,21,196,2
86,21,197,1
86,21,198,0
86,21,199,0
86,21,200,0
86,21,201,0
86,21,202,1
86,21,203,0
86,21,204,0
86,21,205,0
86,21,206,0
86,21,207,0
86,21,208,0
86,21,209,0
86,21,210,0
86,21,211,1
86,21,212,0
86,21,213,0
86,21,214,0
86,21,215,0
86,21,216,0
86,21,217,0
86,21,218,0
86,21,219,0
86,21,220,1
86,21,221,0
86,21,222,0
86,21,223,0
86,21,224,0
86,21,225,0
86,21,226,0
86,21,227,0
86,21,228,0
86,21,229,1
86,21,230,0
86,21,231,0
86,21,232,0
86,21,233,0
86,21,234,0
86,21,235,0
86,21,236,0
86,21,237,0
86,21,238,1
86,21,239,0
86,21,240,0
86,21,241,0
86,21,242,0
86,21,243,1
86,21,244,1
86,21,245,1
86,21,246,1
86,21,247,2
86,21,248,3
86,21,249,4
86,21,250,6
86,21,251,6
86,21,252,6
86,21,253,6
86,21,254,6
86,21,255,6
86,21,256,7
86,21,257,8
86,21,258,5
86,21,259,3
86,21,260,1
86,21,261,0
86,21,262,0
86,21,263,0
86,21,264,0
86,21,265,1
86,21,266,0
86,21,267,1
86,21,268,1
86,21,269,0
86,21,270,0
86,21,271,0
86,21,272,0
86,21,273,0
86,21,274,1
86,21,275,2
86,21,276,3
86,21,277,5
86,21,278,5
86,21,279,5
86,21,280,2
86,21,281,1
86,21,282,0
86,21,283,1
86,21,284,0
86,21,285,0
86,21,286,1
86,21,287,0
86,21,288,0
86,21,289,0
86,21,290,0
86,21,291,0
86,21,292,1
86,21,293,1
86,21,294,1
86,21,295,1
86,21,296,1
86,21,297,1
86,21,298,2
86,21,299,1
86,21,300,0
86,21,301,1
86,21,302,0
86,21,303,0
86,21,304,0
86,21,305,0
86,21,306,0
86,21,307,0
86,21,308,0
86,21,309,0
86,21,310,1
86,21,311,0
86,21,312,0
86,21,313,0
86,21,314,0
86,21,315,0
86,21,316,0
86,21,317,2
86,21,318,3
86,21,319,5
86,21,320,5
86,21,321,5
86,21,322,6
86,21,323,4
86,21,324,3
86,21,325,3
86,21,326,5
86,21,327,3
86,21,328,2
86,21,329,1
86,21,330,1
86,21,331,2
86,21,332,1
86,21,333,0
86,21,334,0
86,21,335,0
86,21,336,0
86,21,337,1
86,21,338,0
86,21,339,0
86,21,340,1
86,21,341,1
86,21,342,0
86,21,343,0
86,21,344,0
86,21,345,2
86,21,346,2
86,21,347,1
86,21,348,0
86,21,349,0
86,21,350,0
86,21,351,0
86,21,352,0
86,21,353,0
86,21,354,0
86,21,355,1
86,21,356,0
86,21,357,0
86,21,358,0
86,21,359,0
86,21,360,0
86,21,361,0
86,21,362,0
86,21,363,0
86,21,364,1
86,21,365,0
86,21,366,0
86,21,367,0
86,21,368,0
86,21,369,0
86,21,370,0
86,21,371,0
86,21,372,0
86,21,373,1
86,21,374,0
86,21,375,0
86,21,376,0
86,21,377,0
86,21,378,0
86,21,379,0
86,21,380,0
86,21,381,0
86,21,382,1
86,21,383,0
86,21,384,0
86,21,385,0
86,21,386,0
86,21,387,0
86,21,388,0
86,21,389,0
86,21,390,0
86,21,391,1
86,21,392,0
86,21,393,0
86,21,394,0
86,21,395,0
86,21,396,0
86,21,397,0
86,21,398,0
86,21,399,0
86,21,400,1
86,21,401,0
86,21,402,0
86,21,403,0
86,21,404,0
86,21,405,0
86,21,406,0
86,21,407,0
86,21,408,0
86,21,409,1
86,21,410,0
86,21,411,0
86,21,412,0
86,21,413,0
86,21,414,0
86,21,415,0
86,21,416,0
86,21,417,0
86,21,418,1
86,21,419,0
86,21,420,0
86,21,421,0
86,21,422,0
86,21,423,0
86,21,424,0
86,21,425,0
86,21,426,0
86,21,427,1
86,21,428,0
86,21,429,0
86,21,430,0
86,21,431,0
86,21,432,0
86,21,433,0
86,21,434,0
86,21,435,0
86,21,436,1
86,21,437,0
86,21,438,0
86,21,439,0
86,21,440,0
86,21,441,0
86,21,442,9
86,21,443,15
86,21,444,20
86,21,445,22
86,21,446,24
86,21,447,14
86,21,448,16
86,21,449,16
86,21,450,22
86,21,451,26
86,21,452,28
86,21,453,29
86,21,454,31
86,21,455,22
86,21,456,12
86,21,457,6
86,21,458,3
86,21,459,1
86,21,460,0
86,21,461,0
86,21,462,0
86,21,463,1
86,21,464,1
86,21,465,0
86,21,466,0
86,21,467,0
86,21,468,0
86,21,469,0
86,21,470,5
86,21,471,2
86,21,472,2
86,21,473,1
86,21,474,0
86,21,475,0
86,21,476,0
86,21,477,0
86,21,478,0
86,21,479,0
86,21,480,0
86,21,481,1
86,21,482,0
86,21,483,0
86,21,484,0
86,21,485,0
86,21,486,0
86,21,487,0
86,21,488,0
86,21,489,0
86,21,490,1
86,21,491,2
86,21,492,12
86,21,493,23
86,21,494,34
86,21,495,32
86,21,496,22
86,21,497,12
86,21,498,18
86,21,499,10
86,22,0,0
86,22,1,0
86,22,2,0
86,22,3,0
86,22,4,1
86,22,5,0
86,22,6,0
86,22,7,0
86,22,8,0
86,22,9,0
86,22,10,0
86,22,11,0
86,22,12,0
86,22,13,1
86,22,14,0
86,22,15,1
86,22,16,0
86,22,17,0
86,22,18,0
86,22,19,0
86,22,20,0
86,22,21,0
86,22,22,1
86,22,23,0
86,22,24,1
86,22,25,0
86,22,26,0
86,22,27,0
86,22,28,0
86,22,29,0
86,22,30,0
86,22,31,1
86,22,32,0
86,22,33,0
86,22,34,0
86,22,35,0
86,22,36,0
86,22,37,0
86,22,38,0
86,22,39,0
86,22,40,1
86,22,41,0
86,22,42,0
86,22,43,0
86,22,44,0
86,22,45,0
86,22,46,0
86,22,47,0
86,22,48,0
86,22,49,1
86,22,50,0
86,22,51,0
86,22,52,0
86,22,53,0
86,22,54,0
86,22,55,0
86,22,56,0
86,22,57,0
86,22,58,1
86,22,59,0
86,22,60,0
86,22,61,0
86,22,62,0
86,22,63,0
86,22,64,0
86,22,65,0
86,22,66,0
86,22,67,1
86,22,68,0
86,22,69,0
86,22,70,0
86,22,71,0
86,22,72,0
86,22,73,0
86,22,74,0
86,22,75,0
86,22,76,1
86,22,77,0
86,22,78,0
86,22,79,0
86,22,80,0
86,22,81,0
86,22,82,0
86,22,83,0
86,22,84,0
86,22,85,1
86,22,86,0
86,22,87,0
86,22,88,0
86,22,89,0
86,22,90,0
86,22,91,0
86,22,92,0
86,22,93,0
86,22,94,1
86,22,95,0
86,22,96,0
86,22,97,0
86,22,98,0
86,22,99,0
86,22,100,0
86,22,101,0
86,22,102,0
86,22,103,1
86,22,104,0
86,22,105,0
86,22,106,0
86,22,107,0
86,22,108,0
86,22,109,0
86,22,110,0
86,22,111,0
86,22,112,1
86,22,113,0
86,22,114,0
86,22,115,0
86,22,116,0
86,22,117,0
86,22,118,0
86,22,119,0
86,22,120,0
86,22,121,1
86,22,122,0
86,22,123,0
86,22,124,0
86,22,125,0
86,22,126,0
86,22,127,0
86,22,128,0
86,22,129,0
86,22,130,1
86,22,131,0
86,22,132,0
86,22,133,0
86,22,134,0
86,22,135,0
86,22,136,0
86,22,137,0
86,22,138,0
86,22,139,1
86,22,140,0
86,22,141,0
86,22,142,0
86,22,143,0
86,22,144,0
86,22,145,0
86,22,146,0
86,22,147,0
86,22,148,1
86,22,149,0
86,22,150,0
86,22,151,0
86,22,152,0
86,22,153,0
86,22,154,0
86,22,155,0
86,22,156,0
86,22,157,1
86,22,158,0
86,22,159,0
86,22,160,0
86,22,161,0
86,22,162,0
86,22,163,0
86,22,164,0
86,22,165,0
86,22,166,1
86,22,167,2
86,22,168,1
86,22,169,1
86,22,170,1
86,22,171,0
86,22,172,0
86,22,173,0
86,22,174,0
86,22,175,1
86,22,176,2
86,22,177,1
86,22,178,1
86,22,179,0
86,22,180,0
86,22,181,0
86,22,182,0
86,22,183,0
86,22,184,1
86,22,185,2
86,22,186,13
86,22,187,8
86,22,188,4
86,22,189,2
86,22,190,1
86,22,191,0
86,22,192,0
86,22,193,1
86,22,194,1
86,22,195,1
86,22,196,1
86,22,197,1
86,22,198,1
86,22,199,0
86,22,200,0
86,22,201,0
86,22,202,2
86,22,203,2
86,22,204,1
86,22,205,1
86,22,206,0
86,22,207,0
86,22,208,0
86,22,209,0
86,22,210,0
86,22,211,1
86,22,212,1
86,22,213,1
86,22,214,0
86,22,215,1
86,22,216,1
86,22,217,1
86,22,218,0
86,22,219,0
86,22,220,1
86,22,221,1
86,22,222,1
86,22,223,1
86,22,224,1
86,22,225,1
86,22,226,0
86,22,227,0
86,22,228,0
86,22,229,1
86,22,230,0
86,22,231,0
86,22,232,0
86,22,233,0
86,22,234,0
86,22,235,0
86,22,236,0
86,22,237,0
86,22,238,1
86,22,239,0
86,22,240,0
86,22,241,0
86,22,242,0
86,22,243,0
86,22,244,0
86,22,245,0
86,22,246,0
86,22,247,1
86,22,248,0
86,22,249,0
86,22,250,0
86,22,251,0
86,22,252,0
86,22,253,0
86,22,254,0
86,22,255,0
86,22,256,1
86,22,257,0
86,22,258,0
86,22,259,0
86,22,260,0
86,22,261,0
86,22,262,0
86,22,263,0
86,22,264,0
86,22,265,1
86,22,266,0
86,22,267,0
86,22,268,0
86,22,269,0
86,22,270,0
86,22,271,0
86,22,272,0
86,22,273,0
86,22,274,1
86,22,275,0
86,22,276,0
86,22,277,0
86,22,278,0
86,22,279,0
86,22,280,0
86,22,281,0
86,22,282,0
86,22,283,1
86,22,284,0
86,22,285,0
86,22,286,0
86,22,287,0
86,22,288,0
86,22,289,0
86,22,290,0
86,22,291,0
86,22,292,1
86,22,293,0
86,22,294,0
86,22,295,23
86,22,296,31
86,22,297,42
86,22,298,42
86,22,299,40
86,22,300,31
86,22,301,22
86,22,302,12
86,22,303,6
86,22,304,3
86,22,305,1
86,22,306,0
86,22,307,0
86,22,308,0
86,22,309,0
86,22,310,1
86,22,311,2
86,22,312,2
86,22,313,4
86,22,314,6
86,22,315,8
86,22,316,10
86,22,317,5
86,22,318,2
86,22,319,3
86,22,320,7
86,22,321,4
86,22,322,3
86,22,323,1
86,22,324,0
86,22,325,0
86,22,326,0
86,22,327,0
86,22,328,1
86,22,329,0
86,22,330,0
86,22,331,1
86,22,332,1
86,22,333,0
86,22,334,0
86,22,335,0
86,22,336,0
86,22,337,1
86,22,338,0
86,22,339,0
86,22,340,0
86,22,341,0
86,22,342,0
86,22,343,0
86,22,344,0
86,22,345,0
86,22,346,1
86,22,347,0
86,22,348,0
86,22,349,0
86,22,350,0
86,22,351,0
86,22,352,0
86,22,353,0
86,22,354,0
86,22,355,1
86,22,356,0
86,22,357,0
86,22,358,0
86,22,359,0
86,22,360,0
86,22,361,0
86,22,362,0
86,22,363,0
86,22,364,1
86,22,365,0
86,22,366,0
86,22,367,0
86,22,368,0
86,22,369,0
86,22,370,0
86,22,371,0
86,22,372,0
86,22,373,1
86,22,374,0
86,22,375,0
86,22,376,0
86,22,377,0
86,22,378,0
86,22,379,0
86,22,380,0
86,22,381,0
86,22,382,1
86,22,383,0
86,22,384,0
86,22,385,0
86,22,386,0
86,22,387,0
86,22,388,0
86,22,389,0
86,22,390,0
86,22,391,1
86,22,392,1
86,22,393,2
86,22,394,2
86,22,395,2
86,22,396,14
86,22,397,7
86,22,398,8
86,22,399,9
86,22,400,5
86,22,401,7
86,22,402,6
86,22,403,3
86,22,404,13
86,22,405,7
86,22,406,3
86,22,407,1
86,22,408,0
86,22,409,1
86,22,410,0
86,22,411,0
86,22,412,0
86,22,413,0
86,22,414,0
86,22,415,0
86,22,416,0
86,22,417,0
86,22,418,1
86,22,419,0
86,22,420,0
86,22,421,0
86,22,422,0
86,22,423,0
86,22,424,0
86,22,425,0
86,22,426,0
86,22,427,1
86,22,428,0
86,22,429,0
86,22,430,0
86,22,431,0
86,22,432,0
86,22,433,0
86,22,434,0
86,22,435,0
86,22,436,1
86,22,437,0
86,22,438,0
86,22,439,5
86,22,440,7
86,22,441,3
86,22,442,1
86,22,443,0
86,22,444,0
86,22,445,1
86,22,446,0
86,22,447,0
86,22,448,0
86,22,449,0
86,22,450,0
86,22,451,0
86,22,452,0
86,22,453,0
86,22,454,1
86,22,455,0
86,22,456,0
86,22,457,1
86,22,458,6
86,22,459,8
86,22,460,9
86,22,461,9
86,22,462,7
86,22,463,6
86,22,464,4
86,22,465,3
86,22,466,2
86,22,467,1
86,22,468,1
86,22,469,0
86,22,470,0
86,22,471,0
86,22,472,1
86,22,473,0
86,22,474,0
86,22,475,0
86,22,476,0
86,22,477,1
86,22,478,1
86,22,479,3
86,22,480,3
86,22,481,3
86,22,482,1
86,22,483,2
86,22,484,2
86,22,485,1
86,22,486,1
86,22,487,1
86,22,488,0
86,22,489,0
86,22,490,2
86,22,491,1
86,22,492,1
86,22,493,1
86,22,494,3
86,22,495,2
86,22,496,1
86,22,497,0
86,22,498,0
86,22,499,1
86,23,0,0
86,23,1,0
86,23,2,0
86,23,3,0
86,23,4,1
86,23,5,0
86,23,6,0
86,23,7,0
86,23,8,0
86,23,9,0
86,23,10,0
86,23,11,0
86,23,12,0
86,23,13,1
86,23,14,1
86,23,15,6
86,23,16,3
86,23,17,1
86,23,18,0
86,23,19,0
86,23,20,0
86,23,21,0
86,23,22,1
86,23,23,0
86,23,24,0
86,23,25,0
86,23,26,0
86,23,27,11
86,23,28,21
86,23,29,31
86,23,30,42
86,23,31,41
86,23,32,40
86,23,33,30
86,23,34,20
86,23,35,10
86,23,36,5
86,23,37,2
86,23,38,2
86,23,39,1
86,23,40,6
86,23,41,6
86,23,42,3
86,23,43,1
86,23,44,0
86,23,45,0
86,23,46,0
86,23,47,0
86,23,48,0
86,23,49,1
86,23,50,0
86,23,51,0
86,23,52,0
86,23,53,4
86,23,54,2
86,23,55,1
86,23,56,0
86,23,57,0
86,23,58,1
86,23,59,0
86,23,60,0
86,23,61,0
86,23,62,0
86,23,63,0
86,23,64,0
86,23,65,0
86,23,66,0
86,23,67,1
86,23,68,0
86,23,69,0
86,23,70,0
86,23,71,0
86,23,72,0
86,23,73,0
86,23,74,0
86,23,75,0
86,23,76,1
86,23,77,0
86,23,78,0
86,23,79,0
86,23,80,0
86,23,81,0
86,23,82,0
86,23,83,0
86,23,84,0
86,23,85,1
86,23,86,0
86,23,87,0
86,23,88,0
86,23,89,0
86,23,90,0
86,23,91,0
86,23,92,0
86,23,93,0
86,23,94,1
86,23,95,0
86,23,96,0
86,23,97,0
86,23,98,0
86,23,99,0
86,23,100,0
86,23,101,0
86,23,102,0
86,23,103,1
86,23,104,0
86,23,105,0
86,23,106,0
86,23,107,0
86,23,108,0
86,23,109,2
86,23,110,2
86,23,111,1
86,23,112,2
86,23,113,1
86,23,114,0
86,23,115,0
86,23,116,0
86,23,117,0
86,23,118,0
86,23,119,0
86,23,120,0
86,23,121,1
86,23,122,0
86,23,123,0
86,23,124,0
86,23,125,0
86,23,126,0
86,23,127,0
86,23,128,0
86,23,129,0
86,23,130,1
86,23,131,0
86,23,132,0
86,23,133,0
86,23,134,0
86,23,135,0
86,23,136,0
86,23,137,0
86,23,138,0
86,23,139,1
86,23,140,0
86,23,141,0
86,23,142,0
86,23,143,0
86,23,144,0
86,23,145,0
86,23,146,0
86,23,147,0
86,23,148,1
86,23,149,0
86,23,150,0
86,23,151,0
86,23,152,0
86,23,153,0
86,23,154,0
86,23,155,0
86,23,156,0
86,23,157,1
86,23,158,1
86,23,159,0
86,23,160,0
86,23,161,0
86,23,162,0
86,23,163,0
86,23,164,0
86,23,165,0
86,23,166,1
86,23,167,0
86,23,168,0
86,23,169,0
86,23,170,0
86,23,171,0
86,23,172,0
86,23,173,0
86,23,174,0
86,23,175,1
86,23,176,1
86,23,177,0
86,23,178,0
86,23,179,0
86,23,180,0
86,23,181,0
86,23,182,0
86,23,183,0
86,23,184,1
86,23,185,1
86,23,186,0
86,23,187,0
86,23,188,0
86,23,189,0
86,23,190,0
86,23,191,0
86,23,192,0
86,23,193,1
86,23,194,1
86,23,195,0
86,23,196,0
86,23,197,0
86,23,198,0
86,23,199,0
86,23,200,0
86,23,201,0
86,23,202,1
86,23,203,1
86,23,204,0
86,23,205,0
86,23,206,0
86,23,207,0
86,23,208,0
86,23,209,0
86,23,210,0
86,23,211,1
86,23,212,0
86,23,213,0
86,23,214,0
86,23,215,0
86,23,216,0
86,23,217,0
86,23,218,0
86,23,219,0
86,23,220,1
86,23,221,0
86,23,222,0
86,23,223,0
86,23,224,0
86,23,225,0
86,23,226,0
86,23,227,0
86,23,228,0
86,23,229,1
86,23,230,0
86,23,231,0
86,23,232,0
86,23,233,0
86,23,234,0
86,23,235,0
86,23,236,0
86,23,237,0
86,23,238,1
86,23,239,0
86,23,240,0
86,23,241,0
86,23,242,0
86,23,243,0
86,23,244,0
86,23,245,0
86,23,246,0
86,23,247,1
86,23,248,0
86,23,249,0
86,23,250,0
86,23,251,0
86,23,252,0
86,23,253,0
86,23,254,0
86,23,255,0
86,23,256,1
86,23,257,0
86,23,258,0
86,23,259,0
86,23,260,0
86,23,261,0
86,23,262,0
86,23,263,0
86,23,264,0
86,23,265,1
86,23,266,0
86,23,267,0
86,23,268,0
86,23,269,0
86,23,270,0
86,23,271,0
86,23,272,0
86,23,273,0
86,23,274,1
86,23,275,0
86,23,276,0
86,23,277,0
86,23,278,0
86,23,279,0
86,23,280,0
86,23,281,0
86,23,282,0
86,23,283,2
86,23,284,30
86,23,285,40
86,23,286,40
86,23,287,40
86,23,288,40
86,23,289,40
86,23,290,40
86,23,291,40
86,23,292,41
86,23,293,40
86,23,294,40
86,23,295,40
86,23,296,30
86,23,297,48
86,23,298,38
86,23,299,28
86,23,300,18
86,23,301,10
86,23,302,5
86,23,303,2
86,23,304,1
86,23,305,0
86,23,306,0
86,23,307,0
86,23,308,0
86,23,309,0
86,23,310,1
86,23,311,0
86,23,312,0
86,23,313,0
86,23,314,0
86,23,315,0
86,23,316,0
86,23,317,0
86,23,318,0
86,23,319,1
86,23,320,0
86,23,321,0
86,23,322,0
86,23,323,0
86,23,324,0
86,23,325,0
86,23,326,0
86,23,327,0
86,23,328,1
86,23,329,0
86,23,330,0
86,23,331,0
86,23,332,0
86,23,333,0
86,23,334,0
86,23,335,0
86,23,336,0
86,23,337,1
86,23,338,0
86,23,339,0
86,23,340,0
86,23,341,0
86,23,342,0
86,23,343,0
86,23,344,0
86,23,345,0
86,23,346,1
86,23,347,0
86,23,348,0
86,23,349,0
86,23,350,0
86,23,351,0
86,23,352,0
86,23,353,0
86,23,354,0
86,23,355,1
86,23,356,0
86,23,357,0
86,23,358,0
86,23,359,0
86,23,360,0
86,23,361,0
86,23,362,0
86,23,363,0
86,23,364,1
86,23,365,0
86,23,366,0
86,23,367,0
86,23,368,0
86,23,369,0
86,23,370,0
86,23,371,0
86,23,372,0
86,23,373,1
86,23,374,0
86,23,375,5
86,23,376,16
86,23,377,8
86,23,378,4
86,23,379,2
86,23,380,1
86,23,381,0
86,23,382,1
86,23,383,0
86,23,384,0
86,23,385,0
86,23,386,0
86,23,387,0
86,23,388,0
86,23,389,0
86,23,390,0
86,23,391,1
86,23,392,0
86,23,393,0
86,23,394,0
86,23,395,0
86,23,396,0
86,23,397,0
86,23,398,0
86,23,399,0
86,23,400,1
86,23,401,1
86,23,402,0
86,23,403,0
86,23,404,0
86,23,405,0
86,23,406,0
86,23,407,4
86,23,408,5
86,23,409,5
86,23,410,3
86,23,411,2
86,23,412,1
86,23,413,0
86,23,414,0
86,23,415,0
86,23,416,0
86,23,417,0
86,23,418,1
86,23,419,0
86,23,420,0
86,23,421,0
86,23,422,0
86,23,423,0
86,23,424,0
86,23,425,0
86,23,426,0
86,23,427,1
86,23,428,0
86,23,429,0
86,23,430,0
86,23,431,0
86,23,432,0
86,23,433,0
86,23,434,0
86,23,435,0
86,23,436,1
86,23,437,0
86,23,438,0
86,23,439,0
86,23,440,0
86,23,441,0
86,23,442,0
86,23,443,0
86,23,444,0
86,23,445,1
86,23,446,0
86,23,447,0
86,23,448,0
86,23,449,0
86,23,450,0
86,23,451,0
86,23,452,0
86,23,453,0
86,23,454,1
86,23,455,0
86,23,456,0
86,23,457,0
86,23,458,0
86,23,459,0
86,23,460,0
86,23,461,0
86,23,462,0
86,23,463,1
86,23,464,0
86,23,465,0
86,23,466,0
86,23,467,0
86,23,468,0
86,23,469,0
86,23,470,0
86,23,471,0
86,23,472,6
86,23,473,3
86,23,474,1
86,23,475,0
86,23,476,0
86,23,477,0
86,23,478,0
86,23,479,0
86,23,480,0
86,23,481,1
86,23,482,0
86,23,483,0
86,23,484,0
86,23,485,0
86,23,486,0
86,23,487,0
86,23,488,0
86,23,489,0
86,23,490,6
86,23,491,3
86,23,492,2
86,23,493,1
86,23,494,2
86,23,495,2
86,23,496,1
86,23,497,0
86,23,498,0
86,23,499,2
86,24,0,0
86,24,1,0
86,24,2,0
86,24,3,0
86,24,4,1
86,24,5,0
86,24,6,0
86,24,7,0
86,24,8,0
86,24,9,0
86,24,10,0
86,24,11,0
86,24,12,0
86,24,13,2
86,24,14,3
86,24,15,3
86,24,16,4
86,24,17,4
86,24,18,4
86,24,19,4
86,24,20,4
86,24,21,4
86,24,22,6
86,24,23,7
86,24,24,7
86,24,25,4
86,24,26,2
86,24,27,1
86,24,28,0
86,24,29,0
86,24,30,0
86,24,31,1
86,24,32,0
86,24,33,0
86,24,34,0
86,24,35,0
86,24,36,0
86,24,37,0
86,24,38,0
86,24,39,0
86,24,40,1
86,24,41,0
86,24,42,0
86,24,43,0
86,24,44,0
86,24,45,0
86,24,46,0
86,24,47,0
86,24,48,0
86,24,49,1
86,24,50,0
86,24,51,0
86,24,52,0
86,24,53,0
86,24,54,4
86,24,55,4
86,24,56,3
86,24,57,2
86,24,58,3
86,24,59,2
86,24,60,1
86,24,61,0
86,24,62,0
86,24,63,0
86,24,64,0
86,24,65,0
86,24,66,0
86,24,67,1
86,24,68,0
86,24,69,0
86,24,70,0
86,24,71,0
86,24,72,0
86,24,73,0
86,24,74,0
86,24,75,0
86,24,76,2
86,24,77,6
86,24,78,8
86,24,79,10
86,24,80,10
86,24,81,10
86,24,82,10
86,24,83,10
86,24,84,5
86,24,85,4
86,24,86,4
86,24,87,8
86,24,88,11
86,24,89,12
86,24,90,12
86,24,91,12
86,24,92,12
86,24,93,13
86,24,94,16
86,24,95,18
86,24,96,9
86,24,97,5
86,24,98,2
86,24,99,1
86,24,100,0
86,24,101,0
86,24,102,0
86,24,103,1
86,24,104,0
86,24,105,0
86,24,106,0
86,24,107,0
86,24,108,0
86,24,109,0
86,24,110,0
86,24,111,0
86,24,112,1
86,24,113,0
86,24,114,0
86,24,115,0
86,24,116,0
86,24,117,0
86,24,118,0
86,24,119,0
86,24,120,0
86,24,121,1
86,24,122,0
86,24,123,0
86,24,124,0
86,24,125,0
86,24,126,0
86,24,127,0
86,24,128,0
86,24,129,0
86,24,130,1
86,24,131,0
86,24,132,0
86,24,133,0
86,24,134,0
86,24,135,0
86,24,136,0
86,24,137,0
86,24,138,0
86,24,139,1
86,24,140,11
86,24,141,15
86,24,142,20
86,24,143,21
86,24,144,23
86,24,145,23
86,24,146,13
86,24,147,7
86,24,148,4
86,24,149,2
86,24,150,1
86,24,151,0
86,24,152,0
86,24,153,0
86,24,154,0
86,24,155,0
86,24,156,0
86,24,157,1
86,24,158,0
86,24,159,0
86,24,160,0
86,24,161,0
86,24,162,0
86,24,163,0
86,24,164,0
86,24,165,0
86,24,166,1
86,24,167,0
86,24,168,0
86,24,169,0
86,24,170,0
86,24,171,0
86,24,172,0
86,24,173,0
86,24,174,0
86,24,175,1
86,24,176,0
86,24,177,0
86,24,178,0
86,24,179,0
86,24,180,0
86,24,181,0
86,24,182,0
86,24,183,0
86,24,184,1
86,24,185,0
86,24,186,0
86,24,187,0
86,24,188,0
86,24,189,0
86,24,190,0
86,24,191,0
86,24,192,0
86,24,193,1
86,24,194,0
86,24,195,0
86,24,196,0
86,24,197,0
86,24,198,0
86,24,199,0
86,24,200,0
86,24,201,0
86,24,202,1
86,24,203,0
86,24,204,0
86,24,205,0
86,24,206,0
86,24,207,0
86,24,208,0
86,24,209,0
86,24,210,0
86,24,211,1
86,24,212,0
86,24,213,0
86,24,214,0
86,24,215,0
86,24,216,0
86,24,217,0
86,24,218,0
86,24,219,0
86,24,220,1
86,24,221,1
86,24,222,1
86,24,223,0
86,24,224,0
86,24,225,0
86,24,226,0
86,24,227,0
86,24,228,0
86,24,229,1
86,24,230,0
86,24,231,0
86,24,232,0
86,24,233,0
86,24,234,0
86,24,235,0
86,24,236,0
86,24,237,0
86,24,238,1
86,24,239,1
86,24,240,0
86,24,241,0
86,24,242,0
86,24,243,0
86,24,244,0
86,24,245,0
86,24,246,0
86,24,247,1
86,24,248,0
86,24,249,0
86,24,250,0
86,24,251,0
86,24,252,0
86,24,253,0
86,24,254,0
86,24,255,0
86,24,256,1
86,24,257,0
86,24,258,0
86,24,259,0
86,24,260,0
86,24,261,0
86,24,262,0
86,24,263,0
86,24,264,0
86,24,265,1
86,24,266,0
86,24,267,0
86,24,268,0
86,24,269,0
86,24,270,0
86,24,271,0
86,24,272,0
86,24,273,0
86,24,274,1
86,24,275,0
86,24,276,0
86,24,277,0
86,24,278,0
86,24,279,0
86,24,280,0
86,24,281,0
86,24,282,0
86,24,283,1
86,24,284,0
86,24,285,0
86,24,286,0
86,24,287,0
86,24,288,0
86,24,289,0
86,24,290,0
86,24,291,0
86,24,292,1
86,24,293,0
86,24,294,0
86,24,295,0
86,24,296,0
86,24,297,0
86,24,298,0
86,24,299,0
86,24,300,0
86,24,301,1
86,24,302,0
86,24,303,0
86,24,304,0
86,24,305,0
86,24,306,0
86,24,307,0
86,24,308,0
86,24,309,0
86,24,310,1
86,24,311,0
86,24,312,0
86,24,313,0
86,24,314,0
86,24,315,0
86,24,316,0
86,24,317,0
86,24,318,0
86,24,319,1
86,24,320,0
86,24,321,0
86,24,322,0
86,24,323,0
86,24,324,0
86,24,325,0
86,24,326,0
86,24,327,0
86,24,328,1
86,24,329,0
86,24,330,0
86,24,331,0
86,24,332,0
86,24,333,0
86,24,334,0
86,24,335,0
86,24,336,0
86,24,337,1
86,24,338,0
86,24,339,0
86,24,340,0
86,24,341,0
86,24,342,0
86,24,343,0
86,24,344,0
86,24,345,0
86,24,346,1
86,24,347,0
86,24,348,0
86,24,349,0
86,24,350,0
86,24,351,0
86,24,352,0
86,24,353,0
86,24,354,0
86,24,355,1
86,24,356,0
86,24,357,0
86,24,358,0
86,24,359,0
86,24,360,0
86,24,361,0
86,24,362,0
86,24,363,0
86,24,364,1
86,24,365,0
86,24,366,0
86,24,367,0
86,24,368,0
86,24,369,0
86,24,370,0
86,24,371,0
86,24,372,0
86,24,373,1
86,24,374,0
86,24,375,0
86,24,376,0
86,24,377,0
86,24,378,0
86,24,379,0
86,24,380,0
86,24,381,0
86,24,382,1
86,24,383,0
86,24,384,0
86,24,385,0
86,24,386,0
86,24,387,0
86,24,388,0
86,24,389,0
86,24,390,0
86,24,391,1
86,24,392,1
86,24,393,0
86,24,394,0
86,24,395,0
86,24,396,0
86,24,397,0
86,24,398,0
86,24,399,0
86,24,400,1
86,24,401,1
86,24,402,0
86,24,403,0
86,24,404,0
86,24,405,0
86,24,406,0
86,24,407,0
86,24,408,0
86,24,409,1
86,24,410,0
86,24,411,0
86,24,412,0
86,24,413,0
86,24,414,0
86,24,415,0
86,24,416,0
86,24,417,0
86,24,418,1
86,24,419,0
86,24,420,0
86,24,421,0
86,24,422,0
86,24,423,0
86,24,424,0
86,24,425,0
86,24,426,0
86,24,427,1
86,24,428,0
86,24,429,0
86,24,430,0
86,24,431,0
86,24,432,0
86,24,433,0
86,24,434,0
86,24,435,0
86,24,436,1
86,24,437,0
86,24,438,0
86,24,439,0
86,24,440,0
86,24,441,0
86,24,442,0
86,24,443,0
86,24,444,0
86,24,445,1
86,24,446,0
86,24,447,0
86,24,448,0
86,24,449,0
86,24,450,0
86,24,451,0
86,24,452,0
86,24,453,0
86,24,454,1
86,24,455,0
86,24,456,0
86,24,457,0
86,24,458,0
86,24,459,0
86,24,460,0
86,24,461,2
86,24,462,1
86,24,463,1
86,24,464,0
86,24,465,0
86,24,466,0
86,24,467,0
86,24,468,0
86,24,469,0
86,24,470,0
86,24,471,0
86,24,472,1
86,24,473,0
86,24,474,0
86,24,475,0
86,24,476,0
86,24,477,0
86,24,478,0
86,24,479,0
86,24,480,0
86,24,481,1
86,24,482,0
86,24,483,0
86,24,484,0
86,24,485,0
86,24,486,0
86,24,487,0
86,24,488,0
86,24,489,0
86,24,490,1
86,24,491,0
86,24,492,0
86,24,493,0
86,24,494,0
86,24,495,0
86,24,496,0
86,24,497,0
86,24,498,0
86,24,499,1
86,25,0,0
86,25,1,0
86,25,2,0
86,25,3,0
86,25,4,1
86,25,5,0
86,25,6,0
86,25,7,0
86,25,8,0
86,25,9,0
86,25,10,0
86,25,11,0
86,25,12,0
86,25,13,1
86,25,14,17
86,25,15,27
86,25,16,30
86,25,17,31
86,25,18,32
86,25,19,33
86,25,20,34
86,25,21,34
86,25,22,36
86,25,23,37
86,25,24,38
86,25,25,40
86,25,26,45
86,25,27,40
86,25,28,36
86,25,29,26
86,25,30,16
86,25,31,9
86,25,32,4
86,25,33,2
86,25,34,1
86,25,35,0
86,25,36,0
86,25,37,0
86,25,38,0
86,25,39,0
86,25,40,1
86,25,41,0
86,25,42,0
86,25,43,0
86,25,44,0
86,25,45,0
86,25,46,0
86,25,47,0
86,25,48,0
86,25,49,1
86,25,50,0
86,25,51,0
86,25,52,0
86,25,53,0
86,25,54,0
86,25,55,0
86,25,56,0
86,25,57,0
86,25,58,1
86,25,59,0
86,25,60,0
86,25,61,0
86,25,62,0
86,25,63,0
86,25,64,0
86,25,65,0
86,25,66,0
86,25,67,1
86,25,68,0
86,25,69,0
86,25,70,0
86,25,71,0
86,25,72,0
86,25,73,0
86,25,74,0
86,25,75,0
86,25,76,1
86,25,77,0
86,25,78,0
86,25,79,0
86,25,80,0
86,25,81,0
86,25,82,0
86,25,83,0
86,25,84,0
86,25,85,1
86,25,86,0
86,25,87,0
86,25,88,1
86,25,89,1
86,25,90,0
86,25,91,0
86,25,92,0
86,25,93,0
86,25,94,2
86,25,95,3
86,25,96,2
86,25,97,1
86,25,98,0
86,25,99,0
86,25,100,0
86,25,101,0
86,25,102,0
86,25,103,1
86,25,104,1
86,25,105,2
86,25,106,1
86,25,107,0
86,25,108,0
86,25,109,0
86,25,110,0
86,25,111,0
86,25,112,1
86,25,113,1
86,25,114,1
86,25,115,0
86,25,116,0
86,25,117,0
86,25,118,0
86,25,119,0
86,25,120,0
86,25,121,1
86,25,122,1
86,25,123,1
86,25,124,0
86,25,125,0
86,25,126,0
86,25,127,0
86,25,128,0
86,25,129,0
86,25,130,1
86,25,131,1
86,25,132,1
86,25,133,0
86,25,134,0
86,25,135,0
86,25,136,0
86,25,137,0
86,25,138,0
86,25,139,2
86,25,140,2
86,25,141,1
86,25,142,0
86,25,143,0
86,25,144,0
86,25,145,0
86,25,146,0
86,25,147,0
86,25,148,2
86,25,149,1
86,25,150,1
86,25,151,0
86,25,152,0
86,25,153,0
86,25,154,0
86,25,155,0
86,25,156,0
86,25,157,1
86,25,158,0
86,25,159,0
86,25,160,0
86,25,161,0
86,25,162,0
86,25,163,0
86,25,164,0
86,25,165,0
86,25,166,1
86,25,167,0
86,25,168,0
86,25,169,0
86,25,170,0
86,25,171,0
86,25,172,0
86,25,173,0
86,25,174,0
86,25,175,2
86,25,176,2
86,25,177,1
86,25,178,0
86,25,179,0
86,25,180,0
86,25,181,0
86,25,182,0
86,25,183,1
86,25,184,2
86,25,185,2
86,25,186,1
86,25,187,0
86,25,188,0
86,25,189,0
86,25,190,0
86,25,191,2
86,25,192,2
86,25,193,2
86,25,194,2
86,25,195,3
86,25,196,2
86,25,197,1
86,25,198,0
86,25,199,0
86,25,200,0
86,25,201,1
86,25,202,2
86,25,203,1
86,25,204,1
86,25,205,0
86,25,206,0
86,25,207,0
86,25,208,0
86,25,209,0
86,25,210,0
86,25,211,1
86,25,212,0
86,25,213,0
86,25,214,0
86,25,215,0
86,25,216,0
86,25,217,0
86,25,218,0
86,25,219,0
86,25,220,1
86,25,221,0
86,25,222,0
86,25,223,0
86,25,224,0
86,25,225,0
86,25,226,0
86,25,227,0
86,25,228,0
86,25,229,1
86,25,230,0
86,25,231,0
86,25,232,0
86,25,233,0
86,25,234,0
86,25,235,0
86,25,236,0
86,25,237,0
86,25,238,1
86,25,239,0
86,25,240,0
86,25,241,0
86,25,242,0
86,25,243,0
86,25,244,0
86,25,245,0
86,25,246,0
86,25,247,1
86,25,248,1
86,25,249,1
86,25,250,0
86,25,251,0
86,25,252,0
86,25,253,0
86,25,254,0
86,25,255,0
86,25,256,1
86,25,257,0
86,25,258,0
86,25,259,0
86,25,260,0
86,25,261,0
86,25,262,0
86,25,263,0
86,25,264,0
86,25,265,1
86,25,266,0
86,25,267,0
86,25,268,0
86,25,269,0
86,25,270,0
86,25,271,0
86,25,272,0
86,25,273,0
86,25,274,1
86,25,275,0
86,25,276,0
86,25,277,0
86,25,278,0
86,25,279,0
86,25,280,0
86,25,281,0
86,25,282,0
86,25,283,1
86,25,284,0
86,25,285,0
86,25,286,0
86,25,287,0
86,25,288,0
86,25,289,0
86,25,290,0
86,25,291,0
86,25,292,1
86,25,293,0
86,25,294,0
86,25,295,0
86,25,296,0
86,25,297,0
86,25,298,0
86,25,299,0
86,25,300,0
86,25,301,1
86,25,302,0
86,25,303,0
86,25,304,0
86,25,305,0
86,25,306,0
86,25,307,0
86,25,308,0
86,25,309,0
86,25,310,1
86,25,311,1
86,25,312,0
86,25,313,0
86,25,314,0
86,25,315,0
86,25,316,0
86,25,317,0
86,25,318,0
86,25,319,1
86,25,320,0
86,25,321,0
86,25,322,0
86,25,323,0
86,25,324,0
86,25,325,0
86,25,326,0
86,25,327,0
86,25,328,1
86,25,329,2
86,25,330,1
86,25,331,0
86,25,332,0
86,25,333,0
86,25,334,0
86,25,335,0
86,25,336,0
86,25,337,1
86,25,338,1
86,25,339,1
86,25,340,1
86,25,341,0
86,25,342,0
86,25,343,0
86,25,344,0
86,25,345,0
86,25,346,2
86,25,347,2
86,25,348,1
86,25,349,0
86,25,350,0
86,25,351,0
86,25,352,0
86,25,353,0
86,25,354,0
86,25,355,1
86,25,356,0
86,25,357,0
86,25,358,0
86,25,359,0
86,25,360,0
86,25,361,0
86,25,362,0
86,25,363,0
86,25,364,1
86,25,365,0
86,25,366,0
86,25,367,0
86,25,368,0
86,25,369,0
86,25,370,0
86,25,371,0
86,25,372,0
86,25,373,1
86,25,374,0
86,25,375,0
86,25,376,0
86,25,377,0
86,25,378,0
86,25,379,0
86,25,380,0
86,25,381,0
86,25,382,1
86,25,383,0
86,25,384,0
86,25,385,0
86,25,386,0
86,25,387,0
86,25,388,0
86,25,389,0
86,25,390,0
86,25,391,1
86,25,392,0
86,25,393,0
86,25,394,0
86,25,395,0
86,25,396,0
86,25,397,0
86,25,398,0
86,25,399,0
86,25,400,1
86,25,401,0
86,25,402,0
86,25,403,0
86,25,404,0
86,25,405,0
86,25,406,0
86,25,407,0
86,25,408,0
86,25,409,1
86,25,410,1
86,25,411,6
86,25,412,3
86,25,413,1
86,25,414,0
86,25,415,0
86,25,416,5
86,25,417,3
86,25,418,2
86,25,419,2
86,25,420,1
86,25,421,0
86,25,422,0
86,25,423,0
86,25,424,0
86,25,425,0
86,25,426,0
86,25,427,1
86,25,428,0
86,25,429,0
86,25,430,0
86,25,431,0
86,25,432,0
86,25,433,0
86,25,434,0
86,25,435,0
86,25,436,1
86,25,437,0
86,25,438,0
86,25,439,0
86,25,440,0
86,25,441,0
86,25,442,0
86,25,443,0
86,25,444,0
86,25,445,1
86,25,446,0
86,25,447,0
86,25,448,0
86,25,449,0
86,25,450,0
86,25,451,0
86,25,452,0
86,25,453,0
86,25,454,1
86,25,455,0
86,25,456,0
86,25,457,0
86,25,458,0
86,25,459,0
86,25,460,0
86,25,461,0
86,25,462,0
86,25,463,1
86,25,464,0
86,25,465,0
86,25,466,0
86,25,467,0
86,25,468,0
86,25,469,0
86,25,470,0
86,25,471,0
86,25,472,1
86,25,473,0
86,25,474,0
86,25,475,0
86,25,476,0
86,25,477,0
86,25,478,0
86,25,479,0
86,25,480,0
86,25,481,1
86,25,482,0
86,25,483,0
86,25,484,0
86,25,485,0
86,25,486,0
86,25,487,0
86,25,488,0
86,25,489,0
86,25,490,1
86,25,491,0
86,25,492,0
86,25,493,0
86,25,494,0
86,25,495,0
86,25,496,0
86,25,497,0
86,25,498,0
86,25,499,1
86,26,0,0
86,26,1,0
86,26,2,0
86,26,3,0
86,26,4,1
86,26,5,0
86,26,6,0
86,26,7,0
86,26,8,0
86,26,9,0
86,26,10,0
86,26,11,0
86,26,12,0
86,26,13,1
86,26,14,0
86,26,15,0
86,26,16,0
86,26,17,0
86,26,18,0
86,26,19,0
86,26,20,0
86,26,21,0
86,26,22,1
86,26,23,0
86,26,24,0
86,26,25,0
86,26,26,0
86,26,27,0
86,26,28,0
86,26,29,0
86,26,30,0
86,26,31,1
86,26,32,0
86,26,33,0
86,26,34,0
86,26,35,0
86,26,36,0
86,26,37,0
86,26,38,0
86,26,39,0
86,26,40,1
86,26,41,0
86,26,42,0
86,26,43,0
86,26,44,0
86,26,45,0
86,26,46,0
86,26,47,0
86,26,48,0
86,26,49,1
86,26,50,0
86,26,51,0
86,26,52,0
86,26,53,0
86,26,54,0
86,26,55,0
86,26,56,0
86,26,57,0
86,26,58,2
86,26,59,3
86,26,60,1
86,26,61,1
86,26,62,0
86,26,63,0
86,26,64,0
86,26,65,0
86,26,66,0
86,26,67,1
86,26,68,0
86,26,69,0
86,26,70,0
86,26,71,0
86,26,72,0
86,26,73,0
86,26,74,0
86,26,75,0
86,26,76,1
86,26,77,0
86,26,78,0
86,26,79,0
86,26,80,0
86,26,81,0
86,26,82,0
86,26,83,0
86,26,84,0
86,26,85,1
86,26,86,0
86,26,87,0
86,26,88,0
86,26,89,0
86,26,90,0
86,26,91,0
86,26,92,0
86,26,93,0
86,26,94,1
86,26,95,0
86,26,96,0
86,26,97,0
86,26,98,0
86,26,99,0
86,26,100,0
86,26,101,0
86,26,102,0
86,26,103,1
86,26,104,0
86,26,105,0
86,26,106,0
86,26,107,0
86,26,108,0
86,26,109,0
86,26,110,0
86,26,111,0
86,26,112,1
86,26,113,0
86,26,114,0
86,26,115,0
86,26,116,0
86,26,117,0
86,26,118,0
86,26,119,0
86,26,120,0
86,26,121,1
86,26,122,3
86,26,123,3
86,26,124,4
86,26,125,3
86,26,126,2
86,26,127,1
86,26,128,0
86,26,129,0
86,26,130,1
86,26,131,1
86,26,132,1
86,26,133,5
86,26,134,9
86,26,135,6
86,26,136,4
86,26,137,2
86,26,138,1
86,26,139,1
86,26,140,0
86,26,141,0
86,26,142,0
86,26,143,0
86,26,144,0
86,26,145,0
86,26,146,0
86,26,147,0
86,26,148,1
86,26,149,0
86,26,150,0
86,26,151,0
86,26,152,0
86,26,153,0
86,26,154,0
86,26,155,0
86,26,156,0
86,26,157,1
86,26,158,0
86,26,159,0
86,26,160,0
86,26,161,0
86,26,162,0
86,26,163,0
86,26,164,0
86,26,165,0
86,26,166,1
86,26,167,0
86,26,168,0
86,26,169,0
86,26,170,0
86,26,171,0
86,26,172,0
86,26,173,0
86,26,174,0
86,26,175,1
86,26,176,0
86,26,177,0
86,26,178,0
86,26,179,0
86,26,180,0
86,26,181,0
86,26,182,0
86,26,183,0
86,26,184,1
86,26,185,0
86,26,186,0
86,26,187,0
86,26,188,0
86,26,189,0
86,26,190,0
86,26,191,0
86,26,192,0
86,26,193,1
86,26,194,0
86,26,195,0
86,26,196,0
86,26,197,0
86,26,198,0
86,26,199,0
86,26,200,0
86,26,201,0
86,26,202,1
86,26,203,0
86,26,204,0
86,26,205,0
86,26,206,0
86,26,207,0
86,26,208,0
86,26,209,0
86,26,210,0
86,26,211,1
86,26,212,0
86,26,213,0
86,26,214,0
86,26,215,0
86,26,216,0
86,26,217,0
86,26,218,0
86,26,219,0
86,26,220,1
86,26,221,0
86,26,222,0
86,26,223,0
86,26,224,0
86,26,225,0
86,26,226,0
86,26,227,0
86,26,228,0
86,26,229,1
86,26,230,0
86,26,231,0
86,26,232,0
86,26,233,0
86,26,234,0
86,26,235,0
86,26,236,10
86,26,237,22
86,26,238,33
86,26,239,44
86,26,240,40
86,26,241,46
86,26,242,46
86,26,243,40
86,26,244,36
86,26,245,26
86,26,246,16
86,26,247,9
86,26,248,4
86,26,249,2
86,26,250,1
86,26,251,0
86,26,252,0
86,26,253,0
86,26,254,0
86,26,255,0
86,26,256,1
86,26,257,0
86,26,258,0
86,26,259,0
86,26,260,0
86,26,261,0
86,26,262,0
86,26,263,0
86,26,264,0
86,26,265,1
86,26,266,0
86,26,267,0
86,26,268,0
86,26,269,0
86,26,270,0
86,26,271,0
86,26,272,0
86,26,273,0
86,26,274,1
86,26,275,0
86,26,276,0
86,26,277,0
86,26,278,0
86,26,279,0
86,26,280,0
86,26,281,0
86,26,282,0
86,26,283,1
86,26,284,0
86,26,285,0
86,26,286,0
86,26,287,0
86,26,288,0
86,26,289,0
86,26,290,0
86,26,291,0
86,26,292,1
86,26,293,0
86,26,294,0
86,26,295,0
86,26,296,0
86,26,297,0
86,26,298,0
86,26,299,0
86,26,300,1
86,26,301,3
86,26,302,1
86,26,303,0
86,26,304,0
86,26,305,0
86,26,306,0
86,26,307,0
86,26,308,0
86,26,309,0
86,26,310,1
86,26,311,1
86,26,312,0
86,26,313,0
86,26,314,0
86,26,315,0
86,26,316,0
86,26,317,0
86,26,318,0
86,26,319,1
86,26,320,0
86,26,321,0
86,26,322,0
86,26,323,0
86,26,324,0
86,26,325,5
86,26,326,15
86,26,327,26
86,26,328,34
86,26,329,38
86,26,330,28
86,26,331,18
86,26,332,9
86,26,333,4
86,26,334,2
86,26,335,1
86,26,336,0
86,26,337,1
86,26,338,0
86,26,339,0
86,26,340,0
86,26,341,0
86,26,342,0
86,26,343,0
86,26,344,0
86,26,345,0
86,26,346,1
86,26,347,0
86,26,348,0
86,26,349,0
86,26,350,0
86,26,351,0
86,26,352,0
86,26,353,0
86,26,354,0
86,26,355,1
86,26,356,0
86,26,357,0
86,26,358,0
86,26,359,0
86,26,360,0
86,26,361,0
86,26,362,0
86,26,363,0
86,26,364,1
86,26,365,0
86,26,366,0
86,26,367,0
86,26,368,0
86,26,369,0
86,26,370,0
86,26,371,0
86,26,372,0
86,26,373,1
86,26,374,1
86,26,375,0
86,26,376,0
86,26,377,0
86,26,378,0
86,26,379,0
86,26,380,0
86,26,381,0
86,26,382,1
86,26,383,1
86,26,384,3
86,26,385,1
86,26,386,5
86,26,387,6
86,26,388,6
86,26,389,5
86,26,390,2
86,26,391,2
86,26,392,1
86,26,393,0
86,26,394,0
86,26,395,0
86,26,396,0
86,26,397,0
86,26,398,0
86,26,399,0
86,26,400,1
86,26,401,0
86,26,402,0
86,26,403,0
86,26,404,0
86,26,405,0
86,26,406,0
86,26,407,1
86,26,408,0
86,26,409,1
86,26,410,0
86,26,411,0
86,26,412,0
86,26,413,0
86,26,414,0
86,26,415,0
86,26,416,0
86,26,417,0
86,26,418,1
86,26,419,0
86,26,420,0
86,26,421,0
86,26,422,0
86,26,423,0
86,26,424,0
86,26,425,0
86,26,426,0
86,26,427,1
86,26,428,0
86,26,429,0
86,26,430,0
86,26,431,0
86,26,432,0
86,26,433,0
86,26,434,0
86,26,435,0
86,26,436,1
86,26,437,0
86,26,438,0
86,26,439,0
86,26,440,0
86,26,441,0
86,26,442,0
86,26,443,0
86,26,444,0
86,26,445,1
86,26,446,0
86,26,447,0
86,26,448,0
86,26,449,0
86,26,450,0
86,26,451,0
86,26,452,0
86,26,453,0
86,26,454,1
86,26,455,0
86,26,456,0
86,26,457,0
86,26,458,0
86,26,459,0
86,26,460,0
86,26,461,0
86,26,462,0
86,26,463,1
86,26,464,0
86,26,465,0
86,26,466,0
86,26,467,0
86,26,468,0
86,26,469,0
86,26,470,0
86,26,471,0
86,26,472,1
86,26,473,0
86,26,474,0
86,26,475,0
86,26,476,0
86,26,477,0
86,26,478,0
86,26,479,0
86,26,480,0
86,26,481,1
86,26,482,0
86,26,483,0
86,26,484,0
86,26,485,0
86,26,486,0
86,26,487,0
86,26,488,0
86,26,489,0
86,26,490,1
86,26,491,0
86,26,492,0
86,26,493,0
86,26,494,0
86,26,495,0
86,26,496,0
86,26,497,0
86,26,498,0
86,26,499,1
86,27,0,0
86,27,1,0
86,27,2,0
86,27,3,0
86,27,4,1
86,27,5,0
86,27,6,0
86,27,7,0
86,27,8,0
86,27,9,0
86,27,10,0
86,27,11,0
86,27,12,0
86,27,13,1
86,27,14,0
86,27,15,3
86,27,16,2
86,27,17,1
86,27,18,1
86,27,19,0
86,27,20,0
86,27,21,0
86,27,22,1
86,27,23,0
86,27,24,0
86,27,25,0
86,27,26,0
86,27,27,0
86,27,28,0
86,27,29,0
86,27,30,0
86,27,31,1
86,27,32,1
86,27,33,1
86,27,34,1
86,27,35,0
86,27,36,0
86,27,37,1
86,27,38,0
86,27,39,0
86,27,40,1
86,27,41,1
86,27,42,1
86,27,43,1
86,27,44,0
86,27,45,0
86,27,46,0
86,27,47,0
86,27,48,0
86,27,49,1
86,27,50,1
86,27,51,2
86,27,52,1
86,27,53,0
86,27,54,0
86,27,55,0
86,27,56,0
86,27,57,0
86,27,58,1
86,27,59,1
86,27,60,0
86,27,61,0
86,27,62,0
86,27,63,0
86,27,64,0
86,27,65,0
86,27,66,0
86,27,67,1
86,27,68,0
86,27,69,0
86,27,70,0
86,27,71,0
86,27,72,0
86,27,73,0
86,27,74,0
86,27,75,0
86,27,76,1
86,27,77,0
86,27,78,0
86,27,79,0
86,27,80,0
86,27,81,0
86,27,82,0
86,27,83,0
86,27,84,0
86,27,85,1
86,27,86,0
86,27,87,0
86,27,88,0
86,27,89,0
86,27,90,0
86,27,91,0
86,27,92,0
86,27,93,0
86,27,94,1
86,27,95,1
86,27,96,2
86,27,97,2
86,27,98,1
86,27,99,1
86,27,100,0
86,27,101,0
86,27,102,0
86,27,103,2
86,27,104,2
86,27,105,1
86,27,106,1
86,27,107,0
86,27,108,0
86,27,109,0
86,27,110,0
86,27,111,0
86,27,112,1
86,27,113,0
86,27,114,0
86,27,115,0
86,27,116,0
86,27,117,0
86,27,118,0
86,27,119,0
86,27,120,0
86,27,121,1
86,27,122,2
86,27,123,2
86,27,124,1
86,27,125,1
86,27,126,1
86,27,127,1
86,27,128,2
86,27,129,1
86,27,130,2
86,27,131,2
86,27,132,1
86,27,133,0
86,27,134,0
86,27,135,0
86,27,136,0
86,27,137,0
86,27,138,0
86,27,139,1
86,27,140,0
86,27,141,0
86,27,142,0
86,27,143,0
86,27,144,0
86,27,145,0
86,27,146,0
86,27,147,0
86,27,148,1
86,27,149,0
86,27,150,0
86,27,151,0
86,27,152,0
86,27,153,0
86,27,154,0
86,27,155,0
86,27,156,0
86,27,157,2
86,27,158,2
86,27,159,1
86,27,160,0
86,27,161,0
86,27,162,0
86,27,163,0
86,27,164,0
86,27,165,0
86,27,166,2
86,27,167,2
86,27,168,1
86,27,169,0
86,27,170,0
86,27,171,0
86,27,172,0
86,27,173,0
86,27,174,0
86,27,175,1
86,27,176,1
86,27,177,1
86,27,178,1
86,27,179,0
86,27,180,0
86,27,181,0
86,27,182,0
86,27,183,0
86,27,184,1
86,27,185,1
86,27,186,1
86,27,187,1
86,27,188,0
86,27,189,0
86,27,190,0
86,27,191,0
86,27,192,0
86,27,193,1
86,27,194,1
86,27,195,1
86,27,196,0
86,27,197,0
86,27,198,0
86,27,199,0
86,27,200,0
86,27,201,0
86,27,202,1
86,27,203,0
86,27,204,0
86,27,205,0
86,27,206,0
86,27,207,0
86,27,208,0
86,27,209,0
86,27,210,0
86,27,211,1
86,27,212,0
86,27,213,0
86,27,214,0
86,27,215,0
86,27,216,0
86,27,217,0
86,27,218,0
86,27,219,0
86,27,220,1
86,27,221,0
86,27,222,0
86,27,223,0
86,27,224,0
86,27,225,0
86,27,226,0
86,27,227,0
86,27,228,0
86,27,229,1
86,27,230,0
86,27,231,0
86,27,232,0
86,27,233,0
86,27,234,0
86,27,235,0
86,27,236,0
86,27,237,0
86,27,238,1
86,27,239,0
86,27,240,0
86,27,241,0
86,27,242,0
86,27,243,0
86,27,244,0
86,27,245,0
86,27,246,0
86,27,247,1
86,27,248,0
86,27,249,0
86,27,250,0
86,27,251,0
86,27,252,0
86,27,253,0
86,27,254,0
86,27,255,0
86,27,256,2
86,27,257,2
86,27,258,2
86,27,259,1
86,27,260,0
86,27,261,0
86,27,262,0
86,27,263,0
86,27,264,0
86,27,265,1
86,27,266,0
86,27,267,0
86,27,268,0
86,27,269,0
86,27,270,0
86,27,271,0
86,27,272,0
86,27,273,0
86,27,274,1
86,27,275,0
86,27,276,0
86,27,277,0
86,27,278,0
86,27,279,0
86,27,280,0
86,27,281,0
86,27,282,0
86,27,283,1
86,27,284,0
86,27,285,0
86,27,286,0
86,27,287,0
86,27,288,0
86,27,289,0
86,27,290,0
86,27,291,0
86,27,292,1
86,27,293,0
86,27,294,0
86,27,295,0
86,27,296,0
86,27,297,0
86,27,298,0
86,27,299,0
86,27,300,0
86,27,301,1
86,27,302,0
86,27,303,0
86,27,304,0
86,27,305,0
86,27,306,0
86,27,307,0
86,27,308,0
86,27,309,0
86,27,310,1
86,27,311,0
86,27,312,0
86,27,313,0
86,27,314,0
86,27,315,0
86,27,316,0
86,27,317,0
86,27,318,0
86,27,319,1
86,27,320,0
86,27,321,0
86,27,322,0
86,27,323,0
86,27,324,0
86,27,325,0
86,27,326,0
86,27,327,0
86,27,328,1
86,27,329,0
86,27,330,0
86,27,331,0
86,27,332,0
86,27,333,0
86,27,334,0
86,27,335,0
86,27,336,0
86,27,337,1
86,27,338,0
86,27,339,0
86,27,340,0
86,27,341,0
86,27,342,0
86,27,343,0
86,27,344,5
86,27,345,8
86,27,346,10
86,27,347,11
86,27,348,9
86,27,349,7
86,27,350,5
86,27,351,2
86,27,352,1
86,27,353,0
86,27,354,0
86,27,355,1
86,27,356,0
86,27,357,0
86,27,358,0
86,27,359,0
86,27,360,0
86,27,361,0
86,27,362,0
86,27,363,0
86,27,364,1
86,27,365,0
86,27,366,0
86,27,367,0
86,27,368,2
86,27,369,5
86,27,370,3
86,27,371,1
86,27,372,0
86,27,373,1
86,27,374,0
86,27,375,0
86,27,376,0
86,27,377,0
86,27,378,0
86,27,379,0
86,27,380,0
86,27,381,0
86,27,382,1
86,27,383,0
86,27,384,0
86,27,385,0
86,27,386,0
86,27,387,0
86,27,388,0
86,27,389,0
86,27,390,0
86,27,391,1
86,27,392,0
86,27,393,0
86,27,394,0
86,27,395,0
86,27,396,0
86,27,397,0
86,27,398,0
86,27,399,2
86,27,400,2
86,27,401,1
86,27,402,1
86,27,403,2
86,27,404,1
86,27,405,0
86,27,406,0
86,27,407,0
86,27,408,0
86,27,409,1
86,27,410,0
86,27,411,0
86,27,412,0
86,27,413,0
86,27,414,0
86,27,415,0
86,27,416,0
86,27,417,0
86,27,418,1
86,27,419,0
86,27,420,0
86,27,421,0
86,27,422,0
86,27,423,0
86,27,424,0
86,27,425,0
86,27,426,0
86,27,427,1
86,27,428,0
86,27,429,0
86,27,430,0
86,27,431,0
86,27,432,0
86,27,433,0
86,27,434,0
86,27,435,0
86,27,436,1
86,27,437,0
86,27,438,0
86,27,439,0
86,27,440,0
86,27,441,0
86,27,442,0
86,27,443,0
86,27,444,0
86,27,445,1
86,27,446,0
86,27,447,0
86,27,448,0
86,27,449,0
86,27,450,0
86,27,451,0
86,27,452,0
86,27,453,0
86,27,454,1
86,27,455,0
86,27,456,4
86,27,457,12
86,27,458,7
86,27,459,6
86,27,460,5
86,27,461,4
86,27,462,2
86,27,463,2
86,27,464,1
86,27,465,0
86,27,466,0
86,27,467,0
86,27,468,0
86,27,469,0
86,27,470,0
86,27,471,0
86,27,472,1
86,27,473,0
86,27,474,0
86,27,475,0
86,27,476,0
86,27,477,0
86,27,478,0
86,27,479,0
86,27,480,0
86,27,481,1
86,27,482,0
86,27,483,0
86,27,484,0
86,27,485,0
86,27,486,0
86,27,487,0
86,27,488,0
86,27,489,0
86,27,490,1
86,27,491,0
86,27,492,0
86,27,493,0
86,27,494,0
86,27,495,0
86,27,496,0
86,27,497,0
86,27,498,0
86,27,499,1
86,28,0,0
86,28,1,0
86,28,2,0
86,28,3,0
86,28,4,1
86,28,5,0
86,28,6,0
86,28,7,0
86,28,8,0
86,28,9,0
86,28,10,0
86,28,11,0
86,28,12,0
86,28,13,1
86,28,14,0
86,28,15,0
86,28,16,0
86,28,17,0
86,28,18,0
86,28,19,0
86,28,20,0
86,28,21,0
86,28,22,1
86,28,23,1
86,28,24,1
86,28,25,17
86,28,26,31
86,28,27,41
86,28,28,36
86,28,29,38
86,28,30,39
86,28,31,42
86,28,32,46
86,28,33,48
86,28,34,49
86,28,35,40
86,28,36,40
86,28,37,30
86,28,38,20
86,28,39,10
86,28,40,6
86,28,41,3
86,28,42,1
86,28,43,0
86,28,44,5
86,28,45,7
86,28,46,3
86,28,47,1
86,28,48,0
86,28,49,1
86,28,50,0
86,28,51,0
86,28,52,0
86,28,53,0
86,28,54,0
86,28,55,0
86,28,56,0
86,28,57,0
86,28,58,1
86,28,59,0
86,28,60,0
86,28,61,0
86,28,62,0
86,28,63,0
86,28,64,0
86,28,65,0
86,28,66,0
86,28,67,2
86,28,68,1
86,28,69,0
86,28,70,0
86,28,71,0
86,28,72,0
86,28,73,0
86,28,74,0
86,28,75,0
86,28,76,1
86,28,77,1
86,28,78,0
86,28,79,0
86,28,80,0
86,28,81,0
86,28,82,0
86,28,83,0
86,28,84,0
86,28,85,1
86,28,86,0
86,28,87,0
86,28,88,0
86,28,89,0
86,28,90,0
86,28,91,0
86,28,92,0
86,28,93,0
86,28,94,1
86,28,95,0
86,28,96,0
86,28,97,0
86,28,98,0
86,28,99,0
86,28,100,0
86,28,101,0
86,28,102,0
86,28,103,1
86,28,104,0
86,28,105,0
86,28,106,0
86,28,107,0
86,28,108,0
86,28,109,0
86,28,110,0
86,28,111,0
86,28,112,1
86,28,113,0
86,28,114,0
86,28,115,0
86,28,116,0
86,28,117,0
86,28,118,20
86,28,119,34
86,28,120,42
86,28,121,46
86,28,122,40
86,28,123,42
86,28,124,42
86,28,125,43
86,28,126,43
86,28,127,43
86,28,128,43
86,28,129,43
86,28,130,46
86,28,131,37
86,28,132,39
86,28,133,39
86,28,134,40
86,28,135,40
86,28,136,40
86,28,137,40
86,28,138,40
86,28,139,44
86,28,140,47
86,28,141,40
86,28,142,47
86,28,143,47
86,28,144,40
86,28,145,44
86,28,146,44
86,28,147,40
86,28,148,41
86,28,149,41
86,28,150,41
86,28,151,40
86,28,152,40
86,28,153,30
86,28,154,20
86,28,155,20
86,28,156,26
86,28,157,30
86,28,158,36
86,28,159,39
86,28,160,41
86,28,161,41
86,28,162,41
86,28,163,41
86,28,164,41
86,28,165,41
86,28,166,44
86,28,167,47
86,28,168,39
86,28,169,31
86,28,170,21
86,28,171,11
86,28,172,5
86,28,173,2
86,28,174,1
86,28,175,2
86,28,176,1
86,28,177,0
86,28,178,0
86,28,179,0
86,28,180,0
86,28,181,0
86,28,182,0
86,28,183,0
86,28,184,1
86,28,185,1
86,28,186,0
86,28,187,0
86,28,188,0
86,28,189,0
86,28,190,0
86,28,191,0
86,28,192,0
86,28,193,1
86,28,194,0
86,28,195,0
86,28,196,0
86,28,197,0
86,28,198,0
86,28,199,0
86,28,200,0
86,28,201,0
86,28,202,1
86,28,203,0
86,28,204,0
86,28,205,0
86,28,206,0
86,28,207,0
86,28,208,0
86,28,209,0
86,28,210,0
86,28,211,2
86,28,212,1
86,28,213,1
86,28,214,2
86,28,215,2
86,28,216,2
86,28,217,2
86,28,218,2
86,28,219,3
86,28,220,4
86,28,221,2
86,28,222,2
86,28,223,1
86,28,224,0
86,28,225,5
86,28,226,2
86,28,227,1
86,28,228,2
86,28,229,3
86,28,230,3
86,28,231,3
86,28,232,3
86,28,233,4
86,28,234,5
86,28,235,6
86,28,236,7
86,28,237,8
86,28,238,10
86,28,239,10
86,28,240,20
86,28,241,10
86,28,242,10
86,28,243,10
86,28,244,5
86,28,245,7
86,28,246,8
86,28,247,19
86,28,248,33
86,28,249,47
86,28,250,40
86,28,251,45
86,28,252,45
86,28,253,37
86,28,254,27
86,28,255,17
86,28,256,9
86,28,257,19
86,28,258,30
86,28,259,22
86,28,260,15
86,28,261,8
86,28,262,19
86,28,263,29
86,28,264,29
86,28,265,30
86,28,266,30
86,28,267,20
86,28,268,10
86,28,269,7
86,28,270,5
86,28,271,4
86,28,272,3
86,28,273,2
86,28,274,2
86,28,275,2
86,28,276,2
86,28,277,2
86,28,278,2
86,28,279,2
86,28,280,1
86,28,281,0
86,28,282,0
86,28,283,1
86,28,284,1
86,28,285,1
86,28,286,0
86,28,287,0
86,28,288,0
86,28,289,0
86,28,290,0
86,28,291,0
86,28,292,1
86,28,293,0
86,28,294,0
86,28,295,4
86,28,296,3
86,28,297,2
86,28,298,1
86,28,299,1
86,28,300,1
86,28,301,4
86,28,302,8
86,28,303,11
86,28,304,11
86,28,305,13
86,28,306,13
86,28,307,7
86,28,308,3
86,28,309,1
86,28,310,2
86,28,311,2
86,28,312,4
86,28,313,2
86,28,314,3
86,28,315,1
86,28,316,0
86,28,317,0
86,28,318,0
86,28,319,1
86,28,320,0
86,28,321,0
86,28,322,0
86,28,323,0
86,28,324,0
86,28,325,0
86,28,326,0
86,28,327,0
86,28,328,1
86,28,329,0
86,28,330,0
86,28,331,0
86,28,332,3
86,28,333,3
86,28,334,2
86,28,335,1
86,28,336,0
86,28,337,1
86,28,338,0
86,28,339,0
86,28,340,0
86,28,341,0
86,28,342,0
86,28,343,0
86,28,344,0
86,28,345,0
86,28,346,1
86,28,347,0
86,28,348,0
86,28,349,0
86,28,350,0
86,28,351,0
86,28,352,0
86,28,353,0
86,28,354,0
86,28,355,1
86,28,356,0
86,28,357,0
86,28,358,0
86,28,359,0
86,28,360,0
86,28,361,0
86,28,362,0
86,28,363,0
86,28,364,1
86,28,365,0
86,28,366,0
86,28,367,0
86,28,368,0
86,28,369,0
86,28,370,0
86,28,371,0
86,28,372,0
86,28,373,1
86,28,374,0
86,28,375,0
86,28,376,0
86,28,377,0
86,28,378,1
86,28,379,0
86,28,380,1
86,28,381,0
86,28,382,1
86,28,383,0
86,28,384,0
86,28,385,0
86,28,386,0
86,28,387,0
86,28,388,0
86,28,389,0
86,28,390,0
86,28,391,1
86,28,392,0
86,28,393,0
86,28,394,0
86,28,395,1
86,28,396,0
86,28,397,0
86,28,398,0
86,28,399,0
86,28,400,1
86,28,401,0
86,28,402,0
86,28,403,0
86,28,404,0
86,28,405,0
86,28,406,0
86,28,407,0
86,28,408,0
86,28,409,1
86,28,410,0
86,28,411,0
86,28,412,0
86,28,413,0
86,28,414,0
86,28,415,0
86,28,416,0
86,28,417,0
86,28,418,1
86,28,419,0
86,28,420,0
86,28,421,0
86,28,422,0
86,28,423,0
86,28,424,0
86,28,425,0
86,28,426,0
86,28,427,1
86,28,428,0
86,28,429,0
86,28,430,0
86,28,431,0
86,28,432,0
86,28,433,0
86,28,434,0
86,28,435,0
86,28,436,1
86,28,437,0
86,28,438,0
86,28,439,0
86,28,440,0
86,28,441,0
86,28,442,0
86,28,443,0
86,28,444,0
86,28,445,1
86,28,446,0
86,28,447,0
86,28,448,0
86,28,449,0
86,28,450,0
86,28,451,0
86,28,452,0
86,28,453,0
86,28,454,1
86,28,455,0
86,28,456,0
86,28,457,0
86,28,458,0
86,28,459,0
86,28,460,0
86,28,461,0
86,28,462,0
86,28,463,1
86,28,464,0
86,28,465,0
86,28,466,0
86,28,467,0
86,28,468,0
86,28,469,0
86,28,470,0
86,28,471,0
86,28,472,1
86,28,473,0
86,28,474,0
86,28,475,0
86,28,476,0
86,28,477,0
86,28,478,0
86,28,479,0
86,28,480,0
86,28,481,1
86,28,482,0
86,28,483,0
86,28,484,0
86,28,485,0
86,28,486,0
86,28,487,0
86,28,488,0
86,28,489,0
86,28,490,1
86,28,491,0
86,28,492,0
86,28,493,0
86,28,494,0
86,28,495,0
86,28,496,0
86,28,497,0
86,28,498,0
86,28,499,1
86,29,0,0
86,29,1,0
86,29,2,0
86,29,3,0
86,29,4,1
86,29,5,0
86,29,6,0
86,29,7,0
86,29,8,0
86,29,9,0
86,29,10,0
86,29,11,0
86,29,12,0
86,29,13,1
86,29,14,0
86,29,15,3
86,29,16,3
86,29,17,3
86,29,18,2
86,29,19,1
86,29,20,0
86,29,21,0
86,29,22,1
86,29,23,1
86,29,24,0
86,29,25,0
86,29,26,0
86,29,27,0
86,29,28,0
86,29,29,0
86,29,30,1
86,29,31,1
86,29,32,1
86,29,33,1
86,29,34,0
86,29,35,0
86,29,36,0
86,29,37,0
86,29,38,0
86,29,39,0
86,29,40,1
86,29,41,1
86,29,42,1
86,29,43,2
86,29,44,1
86,29,45,0
86,29,46,0
86,29,47,0
86,29,48,0
86,29,49,1
86,29,50,0
86,29,51,1
86,29,52,0
86,29,53,0
86,29,54,0
86,29,55,0
86,29,56,0
86,29,57,0
86,29,58,1
86,29,59,2
86,29,60,2
86,29,61,1
86,29,62,0
86,29,63,0
86,29,64,0
86,29,65,0
86,29,66,0
86,29,67,1
86,29,68,2
86,29,69,2
86,29,70,1
86,29,71,1
86,29,72,1
86,29,73,0
86,29,74,0
86,29,75,0
86,29,76,1
86,29,77,0
86,29,78,0
86,29,79,0
86,29,80,0
86,29,81,0
86,29,82,0
86,29,83,0
86,29,84,0
86,29,85,1
86,29,86,0
86,29,87,0
86,29,88,0
86,29,89,0
86,29,90,0
86,29,91,0
86,29,92,0
86,29,93,0
86,29,94,1
86,29,95,0
86,29,96,0
86,29,97,0
86,29,98,0
86,29,99,0
86,29,100,0
86,29,101,0
86,29,102,0
86,29,103,1
86,29,104,0
86,29,105,0
86,29,106,0
86,29,107,0
86,29,108,0
86,29,109,0
86,29,110,0
86,29,111,0
86,29,112,1
86,29,113,0
86,29,114,0
86,29,115,0
86,29,116,0
86,29,117,0
86,29,118,0
86,29,119,0
86,29,120,0
86,29,121,1
86,29,122,0
86,29,123,0
86,29,124,0
86,29,125,0
86,29,126,0
86,29,127,0
86,29,128,0
86,29,129,0
86,29,130,1
86,29,131,0
86,29,132,0
86,29,133,0
86,29,134,0
86,29,135,0
86,29,136,0
86,29,137,0
86,29,138,0
86,29,139,1
86,29,140,0
86,29,141,0
86,29,142,0
86,29,143,0
86,29,144,0
86,29,145,0
86,29,146,0
86,29,147,0
86,29,148,1
86,29,149,0
86,29,150,0
86,29,151,0
86,29,152,0
86,29,153,0
86,29,154,0
86,29,155,0
86,29,156,0
86,29,157,1
86,29,158,0
86,29,159,0
86,29,160,0
86,29,161,0
86,29,162,0
86,29,163,0
86,29,164,0
86,29,165,0
86,29,166,1
86,29,167,0
86,29,168,0
86,29,169,0
86,29,170,0
86,29,171,0
86,29,172,0
86,29,173,0
86,29,174,0
86,29,175,1
86,29,176,0
86,29,177,0
86,29,178,0
86,29,179,0
86,29,180,0
86,29,181,0
86,29,182,0
86,29,183,0
86,29,184,1
86,29,185,0
86,29,186,0
86,29,187,0
86,29,188,0
86,29,189,0
86,29,190,0
86,29,191,0
86,29,192,0
86,29,193,1
86,29,194,0
86,29,195,0
86,29,196,0
86,29,197,0
86,29,198,0
86,29,199,0
86,29,200,0
86,29,201,0
86,29,202,1
86,29,203,0
86,29,204,0
86,29,205,0
86,29,206,0
86,29,207,0
86,29,208,0
86,29,209,0
86,29,210,0
86,29,211,1
86,29,212,0
86,29,213,0
86,29,214,0
86,29,215,0
86,29,216,0
86,29,217,0
86,29,218,0
86,29,219,0
86,29,220,1
86,29,221,0
86,29,222,0
86,29,223,0
86,29,224,0
86,29,225,0
86,29,226,0
86,29,227,0
86,29,228,0
86,29,229,1
86,29,230,0
86,29,231,0
86,29,232,0
86,29,233,0
86,29,234,0
86,29,235,0
86,29,236,0
86,29,237,0
86,29,238,1
86,29,239,0
86,29,240,0
86,29,241,0
86,29,242,0
86,29,243,0
86,29,244,0
86,29,245,0
86,29,246,0
86,29,247,1
86,29,248,1
86,29,249,1
86,29,250,0
86,29,251,0
86,29,252,0
86,29,253,0
86,29,254,0
86,29,255,0
86,29,256,1
86,29,257,0
86,29,258,0
86,29,259,0
86,29,260,0
86,29,261,0
86,29,262,0
86,29,263,0
86,29,264,0
86,29,265,1
86,29,266,0
86,29,267,0
86,29,268,0
86,29,269,0
86,29,270,0
86,29,271,0
86,29,272,0
86,29,273,0
86,29,274,1
86,29,275,0
86,29,276,0
86,29,277,0
86,29,278,0
86,29,279,0
86,29,280,0
86,29,281,0
86,29,282,0
86,29,283,1
86,29,284,0
86,29,285,0
86,29,286,0
86,29,287,0
86,29,288,0
86,29,289,0
86,29,290,0
86,29,291,0
86,29,292,1
86,29,293,0
86,29,294,0
86,29,295,0
86,29,296,0
86,29,297,0
86,29,298,0
86,29,299,1
86,29,300,0
86,29,301,1
86,29,302,0
86,29,303,0
86,29,304,0
86,29,305,0
86,29,306,0
86,29,307,0
86,29,308,0
86,29,309,0
86,29,310,1
86,29,311,0
86,29,312,0
86,29,313,0
86,29,314,0
86,29,315,0
86,29,316,0
86,29,317,0
86,29,318,0
86,29,319,1
86,29,320,1
86,29,321,0
86,29,322,0
86,29,323,0
86,29,324,0
86,29,325,0
86,29,326,0
86,29,327,0
86,29,328,1
86,29,329,0
86,29,330,0
86,29,331,0
86,29,332,0
86,29,333,0
86,29,334,0
86,29,335,0
86,29,336,0
86,29,337,1
86,29,338,1
86,29,339,0
86,29,340,0
86,29,341,0
86,29,342,0
86,29,343,0
86,29,344,0
86,29,345,0
86,29,346,1
86,29,347,0
86,29,348,0
86,29,349,0
86,29,350,0
86,29,351,0
86,29,352,0
86,29,353,0
86,29,354,0
86,29,355,1
86,29,356,0
86,29,357,0
86,29,358,0
86,29,359,0
86,29,360,0
86,29,361,0
86,29,362,0
86,29,363,0
86,29,364,1
86,29,365,0
86,29,366,0
86,29,367,0
86,29,368,0
86,29,369,0
86,29,370,0
86,29,371,0
86,29,372,0
86,29,373,1
86,29,374,0
86,29,375,0
86,29,376,0
86,29,377,0
86,29,378,0
86,29,379,0
86,29,380,0
86,29,381,0
86,29,382,1
86,29,383,0
86,29,384,0
86,29,385,0
86,29,386,0
86,29,387,0
86,29,388,0
86,29,389,0
86,29,390,0
86,29,391,1
86,29,392,0
86,29,393,0
86,29,394,0
86,29,395,0
86,29,396,0
86,29,397,0
86,29,398,0
86,29,399,0
86,29,400,1
86,29,401,0
86,29,402,0
86,29,403,0
86,29,404,0
86,29,405,0
86,29,406,0
86,29,407,0
86,29,408,0
86,29,409,1
86,29,410,0
86,29,411,0
86,29,412,0
86,29,413,0
86,29,414,0
86,29,415,0
86,29,416,0
86,29,417,0
86,29,418,1
86,29,419,0
86,29,420,0
86,29,421,0
86,29,422,0
86,29,423,0
86,29,424,0
86,29,425,0
86,29,426,0
86,29,427,1
86,29,428,0
86,29,429,0
86,29,430,0
86,29,431,0
86,29,432,0
86,29,433,0
86,29,434,0
86,29,435,0
86,29,436,1
86,29,437,0
86,29,438,0
86,29,439,0
86,29,440,0
86,29,441,0
86,29,442,0
86,29,443,0
86,29,444,0
86,29,445,2
86,29,446,2
86,29,447,1
86,29,448,0
86,29,449,0
86,29,450,0
86,29,451,0
86,29,452,0
86,29,453,0
86,29,454,2
86,29,455,2
86,29,456,1
86,29,457,0
86,29,458,0
86,29,459,0
86,29,460,0
86,29,461,0
86,29,462,0
86,29,463,1
86,29,464,0
86,29,465,0
86,29,466,0
86,29,467,0
86,29,468,0
86,29,469,0
86,29,470,0
86,29,471,0
86,29,472,1
86,29,473,0
86,29,474,0
86,29,475,0
86,29,476,0
86,29,477,0
86,29,478,0
86,29,479,0
86,29,480,0
86,29,481,1
86,29,482,0
86,29,483,0
86,29,484,0
86,29,485,0
86,29,486,0
86,29,487,0
86,29,488,0
86,29,489,0
86,29,490,1
86,29,491,0
86,29,492,0
86,29,493,0
86,29,494,0
86,29,495,0
86,29,496,0
86,29,497,0
86,29,498,0
86,29,499,1
